 $SEQPAR
 echot= 8.774
 seq= '<Bruker:PRESS>'
 hzpppm= 300.322543
 NumberOfPoints= 2048
 dwellTime= 0.000250
 $END
 $NMID
 bruker=T
 id='ANONYMOUS ', fmtdat='(2E15.6)'
 volume=1.500e+01
 tramp=1.00
 $END
   1.759967e+03  -1.787558e+03
   3.435969e+03  -2.468859e+03
   1.171682e+03  -8.429323e+02
   1.091616e+03   2.731681e+02
   1.543670e+03   1.093013e+03
   1.879512e+03   5.859384e+02
   1.192447e+03   5.664795e+02
   1.075027e+03   6.661477e+02
   8.891069e+02   9.044614e+02
   8.076328e+02   1.165840e+03
   1.064329e+03   1.475085e+03
   1.524540e+03   1.258839e+03
   1.232126e+03   9.573863e+02
   8.739596e+02   1.036909e+03
   8.484168e+02   1.463240e+03
   1.188296e+03   1.516088e+03
   1.387512e+03   1.454199e+03
   1.512016e+03   1.230901e+03
   1.285883e+03   9.789154e+02
   1.003212e+03   1.040600e+03
   1.145965e+03   1.304253e+03
   1.406116e+03   1.121704e+03
   1.085376e+03   7.981429e+02
   6.433023e+02   9.773421e+02
   8.491558e+02   1.522026e+03
   1.321467e+03   1.378039e+03
   1.093467e+03   9.813751e+02
   7.548364e+02   1.028248e+03
   7.199381e+02   1.236713e+03
   8.932723e+02   1.217411e+03
   8.381544e+02   1.263601e+03
   8.957238e+02   1.303447e+03
   9.936187e+02   1.183897e+03
   8.437236e+02   1.060851e+03
   6.470188e+02   1.291572e+03
   8.509536e+02   1.466865e+03
   1.084001e+03   1.114384e+03
   8.936148e+02   9.451533e+02
   5.752099e+02   1.142622e+03
   6.506597e+02   1.433794e+03
   9.593000e+02   1.359184e+03
   1.067181e+03   1.140814e+03
   9.109656e+02   8.710781e+02
   5.753683e+02   8.575549e+02
   2.922319e+02   1.117565e+03
   5.841405e+02   1.437917e+03
   8.140173e+02   1.367422e+03
   7.940573e+02   1.091099e+03
   6.369725e+02   1.053391e+03
   6.661645e+02   1.196853e+03
   7.263000e+02   1.126398e+03
   5.953496e+02   1.014317e+03
   3.902833e+02   1.072503e+03
   3.960741e+02   1.192145e+03
   4.209424e+02   1.222532e+03
   4.264521e+02   1.425762e+03
   6.663983e+02   1.454380e+03
   8.590848e+02   1.226891e+03
   7.307603e+02   9.216970e+02
   4.294805e+02   9.111601e+02
   3.803497e+02   1.039105e+03
   4.154248e+02   1.082682e+03
   3.630768e+02   1.056200e+03
   2.819658e+02   1.137700e+03
   3.575569e+02   1.219613e+03
   4.869731e+02   1.264469e+03
   5.209903e+02   1.089870e+03
   4.653379e+02   9.939086e+02
   3.671945e+02   9.600522e+02
   1.649201e+02   1.071699e+03
   1.700924e+02   1.192520e+03
   2.993502e+02   1.262512e+03
   2.883370e+02   1.266589e+03
   3.222951e+02   1.318518e+03
   5.128807e+02   1.273383e+03
   5.951253e+02   1.094830e+03
   5.317145e+02   8.766172e+02
   3.117261e+02   7.412169e+02
   8.591689e+01   8.115289e+02
   3.678082e+01   9.487696e+02
   9.619446e+01   1.142035e+03
   2.386148e+02   1.137689e+03
   2.173545e+02   9.539196e+02
   1.283727e+01   9.430019e+02
  -1.006468e+01   1.131669e+03
   1.275401e+02   1.221386e+03
   2.017013e+02   1.119985e+03
   1.712683e+02   9.951495e+02
   9.714303e+01   1.015333e+03
   1.133473e+02   1.093391e+03
   2.029974e+02   1.063362e+03
   2.244619e+02   1.014234e+03
   2.283066e+02   9.176051e+02
   1.572948e+02   8.687062e+02
   2.107315e+01   8.657193e+02
   4.612968e+01   1.002981e+03
   4.757234e+01   9.690687e+02
   6.474863e+01   8.762367e+02
  -4.384315e+01   8.807532e+02
  -7.787768e+01   9.609855e+02
   3.692613e+01   9.843170e+02
   5.725680e+00   8.714576e+02
  -8.226266e+01   8.896854e+02
  -1.503301e+02   9.429199e+02
  -7.212364e+01   1.089316e+03
   2.454916e+01   1.096849e+03
   1.136640e+02   9.856590e+02
   8.934943e+01   7.937993e+02
   7.785173e+00   7.467839e+02
  -1.403566e+02   7.933289e+02
  -1.110327e+02   8.873053e+02
  -6.200356e+01   8.489277e+02
  -1.238377e+02   7.536930e+02
  -2.382309e+02   8.452398e+02
  -1.880043e+02   9.767372e+02
  -6.322295e+01   9.791657e+02
   4.284138e+01   8.332132e+02
  -3.919535e+01   6.504026e+02
  -2.388500e+02   6.930759e+02
  -3.013286e+02   8.558002e+02
  -2.172028e+02   9.499006e+02
  -5.947445e+00   8.669940e+02
  -1.819371e+01   7.116315e+02
  -1.816216e+02   6.274512e+02
  -3.260109e+02   7.164534e+02
  -3.147446e+02   8.045850e+02
  -1.790498e+02   8.483576e+02
  -1.964005e+02   7.875455e+02
  -2.819792e+02   7.814660e+02
  -2.906913e+02   8.418954e+02
  -1.856840e+02   8.370963e+02
  -8.601048e+01   8.243755e+02
  -2.871017e+01   6.354574e+02
  -1.446087e+02   5.236468e+02
  -3.077297e+02   5.579518e+02
  -3.392015e+02   6.400638e+02
  -3.213178e+02   6.540728e+02
  -3.606183e+02   7.233731e+02
  -2.746138e+02   7.451277e+02
  -2.677550e+02   7.754722e+02
  -1.874967e+02   7.060756e+02
  -1.963966e+02   5.955172e+02
  -3.063568e+02   5.329246e+02
  -3.034719e+02   5.871916e+02
  -4.013122e+02   6.467504e+02
  -3.328562e+02   7.745146e+02
  -2.079839e+02   7.670898e+02
  -1.546768e+02   6.155919e+02
  -2.984201e+02   5.404235e+02
  -2.941547e+02   5.406899e+02
  -2.629801e+02   5.953789e+02
  -2.228074e+02   4.827290e+02
  -3.222085e+02   4.687525e+02
  -4.456667e+02   4.870446e+02
  -4.342084e+02   6.231048e+02
  -3.002518e+02   6.756451e+02
  -2.624862e+02   5.894325e+02
  -2.466742e+02   4.219835e+02
  -2.979299e+02   4.044699e+02
  -4.316193e+02   4.734923e+02
  -4.374607e+02   6.255047e+02
  -3.171954e+02   6.359296e+02
  -2.368575e+02   5.501197e+02
  -2.675136e+02   4.850768e+02
  -3.123565e+02   4.816196e+02
  -2.915182e+02   4.957643e+02
  -2.601604e+02   4.122265e+02
  -3.230782e+02   3.745982e+02
  -4.085105e+02   3.200270e+02
  -4.563521e+02   3.801775e+02
  -4.288549e+02   5.499721e+02
  -3.271778e+02   5.140790e+02
  -2.673797e+02   4.809695e+02
  -3.849147e+02   3.359305e+02
  -4.007382e+02   3.595381e+02
  -4.322079e+02   4.579038e+02
  -3.723363e+02   4.562465e+02
  -3.708448e+02   3.799679e+02
  -4.444687e+02   3.502688e+02
  -3.783167e+02   4.290484e+02
  -3.070930e+02   4.507960e+02
  -2.429003e+02   3.966734e+02
  -2.520102e+02   2.875614e+02
  -3.672511e+02   2.434005e+02
  -4.237330e+02   2.934784e+02
  -4.049051e+02   3.702126e+02
  -3.815381e+02   3.294500e+02
  -3.285264e+02   3.211889e+02
  -3.793305e+02   2.400323e+02
  -4.434831e+02   2.906357e+02
  -4.036536e+02   3.710234e+02
  -3.728115e+02   3.424859e+02
  -3.288743e+02   2.548758e+02
  -4.055409e+02   2.472601e+02
  -4.251598e+02   3.234812e+02
  -4.293948e+02   4.233902e+02
  -2.990376e+02   3.539593e+02
  -2.494053e+02   2.458264e+02
  -3.438385e+02   1.992270e+02
  -4.488761e+02   2.299090e+02
  -4.389880e+02   2.843429e+02
  -3.386646e+02   3.180672e+02
  -3.239501e+02   2.818687e+02
  -3.444357e+02   2.243838e+02
  -3.729646e+02   2.424666e+02
  -3.107480e+02   1.974602e+02
  -2.835096e+02   1.885201e+02
  -2.666560e+02   1.017715e+02
  -3.781749e+02   8.130245e+01
  -5.218323e+02   1.546476e+02
  -5.002583e+02   2.358612e+02
  -3.800197e+02   3.233638e+02
  -2.979395e+02   2.421255e+02
  -2.807892e+02   1.189399e+02
  -3.573910e+02   1.288891e+02
  -3.990202e+02   1.573472e+02
  -3.333661e+02   1.648301e+02
  -3.771907e+02   1.447507e+02
  -3.406087e+02   1.807095e+02
  -4.005758e+02   1.926893e+02
  -3.210490e+02   1.981327e+02
  -2.968864e+02   2.031196e+02
  -2.664192e+02   1.050771e+02
  -3.668704e+02   3.931690e+01
  -4.502140e+02   6.067118e+01
  -4.423111e+02   1.502905e+02
  -3.296524e+02   2.035388e+02
  -3.191254e+02   2.021653e+02
  -2.739305e+02   1.236866e+02
  -3.215040e+02   1.343480e+02
  -3.881193e+02   6.594670e+01
  -2.880577e+02   8.992578e+01
  -2.465752e+02   4.582132e+01
  -3.585705e+02   4.314833e+01
  -4.116294e+02   6.515000e+01
  -4.184394e+02   1.467845e+02
  -3.482141e+02   1.898158e+02
  -2.642181e+02   1.287226e+02
  -2.709890e+02   7.807831e+01
  -3.039868e+02   8.338149e+01
  -2.990413e+02   6.895192e+01
  -3.154817e+02   4.456360e+01
  -3.167187e+02   5.955873e+00
  -3.817293e+02  -2.370711e+01
  -4.158947e+02   9.385376e+01
  -3.520687e+02   8.906907e+01
  -2.839093e+02   9.806534e+01
  -2.227383e+02   9.418740e+00
  -2.970196e+02  -3.471155e+01
  -3.422850e+02  -3.239501e+01
  -3.677554e+02   3.722951e+01
  -2.824528e+02   7.404818e+01
  -2.158775e+02   4.767185e+01
  -2.115136e+02  -2.903390e+01
  -2.599159e+02   8.191042e-01
  -2.882230e+02  -2.165151e+00
  -2.771496e+02   8.852600e+00
  -2.300197e+02  -1.402664e+01
  -2.756371e+02  -7.491332e+00
  -3.076007e+02  -3.050302e+01
  -3.521623e+02   1.563085e+01
  -2.670734e+02   3.450458e+01
  -2.221627e+02   6.008984e+00
  -2.437139e+02  -5.326210e+01
  -2.987607e+02  -5.720494e+01
  -3.167009e+02  -1.486551e+01
  -2.613825e+02   7.676030e+01
  -2.472986e+02   2.155505e+01
  -2.598890e+02  -4.600481e+01
  -2.774759e+02  -7.379781e+00
  -2.689713e+02   1.693225e+01
  -2.266493e+02  -1.715765e+01
  -2.107962e+02  -6.096512e+01
  -2.278136e+02  -6.896197e+01
  -2.596797e+02  -6.338060e+01
  -2.998663e+02  -2.251967e+01
  -2.169524e+02  -1.598959e+01
  -1.413520e+02  -2.580357e+00
  -1.745560e+02  -9.509380e+01
  -2.542025e+02  -1.135611e+02
  -3.015906e+02  -4.956242e+01
  -3.027336e+02  -3.031476e+01
  -2.661183e+02  -4.977736e+01
  -2.358635e+02  -6.695698e+01
  -2.843207e+02  -5.145996e+01
  -2.887213e+02   1.967205e+00
  -2.064325e+02   9.131781e+01
  -1.001070e+02  -8.565090e+00
  -1.591383e+02  -9.363467e+01
  -2.491988e+02  -1.296550e+02
  -2.774675e+02  -6.718615e+01
  -2.923178e+02  -2.055903e+01
  -2.146555e+02  -2.529633e+01
  -1.486881e+02  -9.987675e+01
  -1.931660e+02  -5.344254e+01
  -2.078429e+02  -9.836288e+01
  -1.782644e+02  -5.468093e+01
  -1.544819e+02  -1.168281e+02
  -2.204131e+02  -1.200431e+02
  -2.335349e+02  -1.297985e+02
  -2.789109e+02  -6.516239e+01
  -2.070972e+02   1.331583e+01
  -1.209985e+02  -2.442719e+01
  -1.437419e+02  -1.342776e+02
  -1.782154e+02  -1.203728e+02
  -2.233275e+02  -9.625309e+01
  -2.084885e+02  -5.178970e+01
  -1.475183e+02  -8.940117e+01
  -1.405406e+02  -1.129196e+02
  -1.883419e+02  -8.367837e+01
  -1.958164e+02  -6.944092e+01
  -1.454166e+02  -1.703933e+00
  -7.914684e+01  -7.387330e+01
  -6.820047e+01  -1.786282e+02
  -1.257299e+02  -1.549307e+02
  -2.104980e+02  -1.437004e+02
  -2.053630e+02  -1.045041e+02
  -1.890455e+02  -6.893098e+01
  -1.619529e+02  -4.524968e+01
  -1.849798e+02  -9.491532e+01
  -1.527710e+02  -9.943076e+01
  -1.282241e+02  -5.781621e+01
  -9.460777e+01  -9.721035e+01
  -1.189552e+02  -1.474088e+02
  -1.707163e+02  -1.516589e+02
  -1.676057e+02  -7.958433e+01
  -9.576168e+01  -1.821907e+01
  -6.154446e+01  -7.774114e+01
  -1.134514e+02  -1.240408e+02
  -1.100999e+02  -1.219951e+02
  -1.530124e+02  -1.024790e+02
  -1.714230e+02  -8.411441e+01
  -1.344215e+02  -7.288241e+00
  -1.146263e+02  -5.961819e+01
  -1.078161e+02  -1.550776e+02
  -9.459308e+01  -9.046531e+01
  -7.176108e+01  -5.587921e+01
  -2.977023e+01  -6.627441e+01
  -5.173768e+01  -1.576440e+02
  -1.220232e+02  -1.459030e+02
  -1.103074e+02  -1.377043e+02
  -9.964836e+01  -1.063801e+02
  -8.242585e+01  -9.834625e+01
  -9.544506e+01  -9.871963e+01
  -1.378026e+02  -1.239084e+02
  -1.452521e+02  -7.385204e+01
  -7.633957e+01  -8.010555e+01
  -7.723662e+01  -6.800793e+01
  -5.861635e+01  -1.249931e+02
  -9.964219e+01  -1.238269e+02
  -1.252081e+02  -1.131899e+02
  -1.112013e+02  -6.434656e+01
  -3.736559e+01  -8.680503e+01
  -3.375513e+01  -1.287265e+02
  -1.119390e+02  -1.515544e+02
  -1.245094e+02  -9.532836e+01
  -9.321373e+01  -7.911239e+01
  -8.107177e+01  -4.981784e+01
  -3.859733e+01  -7.857825e+01
  -2.760858e+01  -1.295496e+02
  -5.041693e+01  -1.127093e+02
  -3.700770e+01  -6.619886e+01
  -6.496415e+01  -8.417665e+01
  -3.070971e+01  -1.607525e+02
  -6.873902e+01  -1.726127e+02
  -1.263663e+02  -1.125572e+02
  -7.215412e+01  -6.554848e+01
  -5.595243e+01  -6.139091e+01
   3.036204e+01  -4.665412e+01
  -2.391136e+01  -1.276825e+02
  -3.786029e+01  -1.374698e+02
  -6.933105e+01  -6.965886e+01
  -7.229353e+01  -1.585509e+02
  -6.964476e+01  -8.133433e+01
  -5.793378e+01  -4.725917e+01
  -7.626314e+01  -6.677566e+01
  -2.925177e+01  -4.629516e+01
  -3.782977e+01  -1.430823e+02
   2.671105e+01  -1.221418e+02
  -5.114096e+01  -1.378556e+02
  -1.000896e+02  -1.448775e+02
  -5.673492e+01  -7.588548e+01
  -4.451045e+01  -5.552806e+01
  -4.541846e+00  -8.034083e+01
  -5.262559e+01  -7.250367e+01
  -4.432490e+01  -6.368737e+01
  -1.475707e+01  -5.904901e+01
   6.739690e+01  -5.408484e+01
   4.114331e+01  -1.180200e+02
  -3.568501e+01  -1.459791e+02
  -1.242167e+02  -1.210259e+02
  -6.143412e+01  -5.173475e+01
   1.390492e+01  -1.791163e+01
   1.477540e+01  -6.523801e+01
  -1.057399e+01  -1.168871e+02
  -2.719344e+00  -9.301726e+01
  -6.859881e+01  -7.785346e+01
   1.199444e+01  -4.826862e+01
  -1.864935e+01  -1.135015e+02
  -7.216279e+00  -1.145979e+02
  -1.612515e+01  -1.052868e+02
  -4.206817e+01  -8.336724e+01
  -1.314105e+01  -2.950570e+01
   2.402212e+01  -7.322059e+01
   1.861255e+00  -1.097690e+02
  -4.705427e+01  -1.030882e+02
  -2.800176e+01  -8.399284e+01
   5.393713e+00  -3.827418e+01
  -3.301248e+00  -8.174125e+01
   8.948624e+00  -7.459787e+01
   2.154873e+01  -1.196772e+02
  -1.385379e+01  -6.540049e+01
  -3.378978e+01  -6.324888e+01
   2.639542e+01  -6.997469e+01
   2.413322e+00  -5.603330e+01
   1.347289e+01  -1.006118e+02
  -2.252945e+01  -8.233010e+01
   4.329356e+01  -9.108754e+01
   4.347850e+01  -9.581817e+01
  -3.377592e+00  -9.167437e+01
  -6.476798e+01  -1.030055e+02
  -2.779572e-01  -5.160315e+01
  -8.843750e+00  -3.181713e+01
  -1.732576e+01  -6.969826e+01
   2.282378e+01  -9.957922e+01
  -1.583766e+01  -7.545303e+01
  -2.402546e+00  -3.165721e+01
   2.113098e+01  -2.870904e+01
   5.662335e+01  -9.187500e+01
   3.881968e+01  -1.376196e+02
  -3.144043e+01  -7.208130e+01
  -9.212624e+01   4.887086e+00
   1.050879e+01  -5.001114e+01
   7.986616e+01  -3.764331e+01
   2.892553e+01  -8.758669e+01
   1.171863e+01  -1.566420e+02
  -5.641053e+01  -6.905540e+01
  -6.966862e+00  -6.773584e+01
   2.623759e+00  -3.384879e+01
   1.412530e+01  -5.990872e+01
  -8.146679e+00  -5.836720e+01
  -3.812589e+01  -4.175729e+01
   4.912961e+01  -4.908758e+01
   3.899988e+01  -6.931993e+01
   3.608557e+01  -8.614393e+01
   2.343255e+01  -9.419115e+01
   5.949668e+00  -7.676517e+01
   4.568952e+00  -6.262553e+01
   1.553803e+01  -6.131584e+01
   2.693731e+01  -6.952857e+01
   1.047492e+01  -1.382459e+01
   2.397059e+01  -2.438515e+01
   1.416768e+01  -5.072361e+01
   3.301929e+01  -6.025365e+01
   1.936796e+01  -1.014903e+02
   2.185428e+01  -3.204506e+01
  -4.802040e+01  -2.449228e+01
   3.619636e+01  -1.689248e+01
  -2.665219e+01  -1.922170e+01
   8.985162e+00  -1.916165e+01
  -4.176715e+00  -4.393309e+01
  -3.602479e+01  -3.298244e+01
   3.755015e+01   5.272560e+01
   3.308338e+01   3.712469e+00
   2.633925e+01  -5.973579e+01
   6.652454e+01  -5.820188e+01
   2.256364e+01  -8.667337e+01
   6.563200e+00  -2.319832e+01
   1.330778e+01  -5.354787e+01
   8.272794e+01  -1.003495e+02
  -2.914542e+01  -7.376227e+01
   9.694106e+00  -7.297448e+01
   6.787731e+00  -3.984630e+01
   1.883830e+01  -4.794421e+00
   4.321636e+01  -1.413068e+01
   1.938565e+01  -4.453954e+01
   2.287222e+01  -1.590148e+01
   6.559888e+00  -6.491483e+01
   4.354857e+00  -6.505883e+01
   4.279819e+01  -5.692732e+01
   4.682760e+00  -3.000087e+01
  -3.660179e+01  -6.726910e+00
   1.962645e+01   1.727916e+01
   3.366762e+01  -4.105030e+01
   7.114439e+01  -4.983470e+01
   4.173946e+01  -5.019733e+01
   3.113070e+01  -3.830433e+01
  -3.534379e+00  -6.316804e+01
  -6.151518e+00   3.085889e+01
  -9.545628e+00   5.071062e+00
   7.229372e+00   2.726300e+00
   1.954219e+01  -3.179794e+00
   3.219865e+01  -4.210076e+01
   6.085087e+01  -1.871278e+00
   2.169274e+01  -6.316407e+01
   1.178257e+01  -3.728445e+01
  -1.478189e+01  -3.654097e+01
  -1.666439e+01  -4.379110e+01
   5.834356e+01  -2.019358e+01
   8.111250e+01  -4.779379e+00
   2.123313e+01  -1.797432e+01
  -3.588978e+00  -1.923188e+01
   6.355072e+01  -3.257205e+01
   2.848886e+01   2.844782e+00
   1.918227e+01  -7.787080e+01
   3.361378e+01  -4.566747e+01
  -2.243262e+01   8.879413e+00
   7.076280e+00  -2.168530e+01
   1.044894e+01  -1.739462e+00
   5.568936e+01  -5.017868e+01
  -1.612091e+01  -6.631554e+01
  -4.092885e+00  -4.694763e+01
   5.282668e-01   2.987843e+01
   3.528162e+01   9.195085e+00
   6.066723e+01   1.560846e+01
   1.334579e+01  -2.985124e+01
   2.490491e+01  -1.523909e+01
  -1.673193e+00   2.018431e+00
   3.434426e+01   1.069444e+01
   4.656298e+01  -7.605836e+00
   4.101087e+01  -4.093363e+01
   3.053135e+01  -6.556360e+01
  -2.642676e+00  -4.719428e+01
  -1.603787e+01   2.323240e+01
   4.997661e+01  -2.617736e+01
   2.146501e+01  -1.949210e+01
   4.601109e+01  -7.684217e+01
  -4.025683e+00  -2.052216e+01
   3.297743e+01   1.873192e+01
   3.480482e+00  -5.690165e+01
   3.981822e+01  -5.176849e-01
  -9.639217e+00  -2.018170e+01
   2.538414e+01  -2.959256e+01
   7.405022e+00  -3.445333e+01
   1.091481e+01   2.860818e+00
   4.562801e+01   1.909266e+01
   2.085764e+01  -5.244235e+01
   5.723277e+00   2.051863e+01
   1.156019e+01  -1.081626e+01
   5.484607e+01   3.403556e+00
   4.673830e+01   3.511814e+00
   4.578609e+01  -8.121048e+00
   4.444123e+01  -6.883896e+01
   4.444943e+01  -1.564789e+01
  -9.060332e+00  -2.144718e+01
   3.212452e+01  -4.592247e+01
  -3.680915e-01  -4.824823e+00
  -2.955130e+01  -2.380108e+01
   1.242647e-01   3.479140e+01
   6.934969e+01  -1.294148e+01
   1.955023e+01  -2.519531e+01
   1.918851e+01  -4.372398e+01
   3.891448e+01  -8.573607e+00
  -9.707913e+00  -2.317092e+01
   3.266453e+01  -2.912236e+01
  -1.035860e+01   6.240269e+01
   2.808612e+01   1.053923e+01
   1.586702e+01  -1.861064e+01
   3.671503e+01  -1.242990e+01
  -1.445860e+00   2.099033e+00
   2.172653e+01   2.355856e+01
   1.684609e+01  -9.004736e+01
   4.682953e+01  -4.421590e+01
  -1.746488e+00   1.024710e+01
  -1.364552e+01  -4.484578e+01
  -9.397465e+00   2.794709e+01
   1.952713e+01   5.761606e+00
   7.494247e+00  -3.563596e+01
   3.888091e+01  -8.459531e+00
   6.256314e+00  -1.446790e+01
   1.805019e+01   8.431289e+00
   1.415282e+01   1.467201e+01
   1.392197e+01  -4.618402e+00
   3.817177e+01   2.834275e+01
   5.327854e+01  -2.303995e+01
   8.000008e+01  -1.778784e+01
  -4.079361e+01  -1.444701e+01
   4.443868e+01   3.933488e+00
   2.676561e+01   3.535972e+01
   1.447274e+01   1.060951e+01
  -1.890540e+01  -1.986399e+01
   4.124320e+01   1.478908e+01
   4.148516e+00  -2.056544e+01
   3.172841e+01   2.496919e+01
   1.658569e+01  -1.648887e+01
   9.165228e+00  -4.017699e+01
   8.512279e+00  -4.685767e+00
  -2.385203e+00   1.309761e+01
   1.125005e+01   2.586605e+01
  -1.255099e+01  -2.744396e+01
   2.669233e+01  -9.826591e+00
  -3.170778e+00  -1.967645e+01
   3.420104e+01   1.181450e+01
   5.857769e+01  -9.376015e+00
   3.401075e+01   1.206311e+01
  -9.564288e+00  -9.957583e+00
   4.273952e+01  -2.446313e+01
  -2.311610e+01  -5.512529e+01
  -6.539451e+01   2.209207e+01
   2.002024e+01   1.914698e+01
  -1.368597e+01   1.504844e+01
   1.851079e+01  -2.060438e+01
  -5.728197e+01  -3.939027e+01
  -1.890560e+01   5.572854e+01
   2.710573e+01  -1.072606e+01
   3.081999e+01  -3.804221e+01
   4.391619e+01   8.330446e+00
  -1.396533e+01  -1.392527e+01
   4.324562e+01   6.350954e+00
   2.937945e+01  -9.336932e+00
  -2.101984e+01   1.269263e+01
   2.718154e+01   5.016158e+01
  -1.079582e+00   2.086157e+01
  -2.374505e+01   5.195241e+01
   3.517165e+01   6.352720e+00
   2.953768e+01  -3.409163e+01
  -2.890859e+01  -4.293454e+00
   3.009409e+01  -2.375405e+01
   2.333046e+01   1.556014e+01
   6.864008e+00   8.224959e+00
   3.129088e+00   1.088182e+01
   1.508850e+01   2.126680e+01
  -8.472993e+00   2.265698e+01
  -1.090970e+01   1.353947e+01
   7.212608e+01  -2.484451e+01
   2.493549e+01   5.087935e+01
   2.684891e+01  -4.260659e+01
  -1.063764e+01  -5.561024e+00
  -3.581970e+01   7.401393e+00
   1.241069e+00  -2.285521e+01
  -1.152460e+01  -3.407299e-01
  -2.722359e+01  -4.017693e+01
  -1.143606e+01   4.397520e+01
   3.426899e+01   2.039031e+01
   3.775376e+01  -1.805819e+01
   5.796363e+01   1.475244e+01
  -9.161095e+00   2.434001e+00
   6.561525e+01   1.167659e+01
  -6.904027e-01   2.538020e+01
  -1.644061e+01   4.021523e+01
  -1.510389e+01  -9.837090e-01
   2.064167e+01  -1.596566e+01
   1.584200e+01  -4.730864e+00
   1.513801e+00   4.678620e+01
   2.735237e+01   3.958387e+01
   3.601868e+01  -1.518045e+01
   6.758285e+00   5.984881e+00
   2.028934e+01   1.058048e+01
   1.698021e+01   2.607218e+01
   9.832757e+00  -1.423500e+00
  -8.275060e+00  -5.079858e+01
   4.766963e-01   1.034428e+01
  -3.305637e+01  -2.305046e+00
   1.821676e+00  -1.823545e+01
   8.562303e+00  -2.621041e+00
  -2.689249e+01   4.549081e+01
   1.699287e+01   8.108771e+00
  -2.674698e+00   3.545818e+00
   3.447031e+01  -2.406693e+00
  -2.852864e+01   1.354674e+01
   2.562372e+01   1.927400e+01
   9.712023e+00   3.595221e+00
   2.083317e+01   1.432712e+01
  -2.273120e+01  -2.065110e+00
   3.724566e+01  -9.047297e+00
   5.774258e+01  -2.670578e+01
   1.547575e+01  -9.430932e+00
   1.357089e+01   5.448627e+01
   2.220094e+01   1.873256e+01
   4.530613e+01   5.708476e+00
   1.390501e+01  -8.983138e+00
  -9.972064e+00   1.584193e+01
   2.595911e+01   1.227512e+01
   4.100903e+01   1.865417e+01
   5.706865e+01   5.014942e+01
  -9.650473e-01   3.726916e+01
  -4.454579e+00   1.117817e+01
  -2.167083e+01   2.024443e+01
  -2.484265e+01   7.244607e+01
   1.964773e+00   6.883146e+00
   1.699949e+01   1.519634e+01
   3.224184e+01  -2.158587e+01
  -4.970308e+01  -3.886944e+01
  -1.748160e+00   3.300907e+01
   7.700839e+00  -4.101883e+00
  -2.541432e+01   5.784679e+00
  -3.777316e+01   2.512012e+01
   9.637586e+00  -1.790511e+01
   3.999278e+01   7.480022e+00
  -5.212918e+00   4.810996e+01
  -2.085598e+01  -5.785846e+00
  -1.039439e+01  -9.303860e+00
  -5.231864e+00   2.210544e+01
   1.850450e+01  -2.168437e+01
   1.338884e+01   6.519656e+00
  -1.952837e+01   1.717844e+01
  -4.628440e+01  -2.348176e+01
   1.715720e+01  -2.314116e+01
  -2.332025e+01   2.727381e+01
  -9.824478e+00  -1.616880e+01
  -9.127236e+00   8.927267e+00
   1.360320e+01   3.424400e+01
  -1.077190e+01  -1.124289e+00
  -5.791924e+00   4.023839e+01
   1.184925e+01   2.533784e+01
   3.144848e+00  -6.128280e+00
  -3.041259e+01   1.502017e+01
  -3.388816e+01   3.544785e+01
  -1.775757e+01   1.414317e+01
   9.667090e+00   4.906928e+00
  -4.751171e+00  -4.380092e-01
  -6.042376e+00   2.311564e+01
  -2.429739e+01  -7.935877e+00
  -2.979437e+01   1.517367e-01
   3.149783e+00   3.043909e+01
  -3.388836e+00  -1.994151e+00
   1.774050e+00  -3.658547e+01
  -1.962383e-01   2.943138e+01
  -8.132738e+00  -1.095697e+00
   3.746752e+01  -1.476959e+01
  -3.627896e+00  -9.870236e-01
   2.825514e+01  -2.612492e+01
   1.683467e+01  -2.807761e+01
  -2.359376e+01   2.197782e+01
   3.460163e+00  -1.220538e+01
  -1.316843e+01   4.328112e+01
   3.485150e+01  -2.764262e+01
  -4.596400e+01   3.447531e+00
  -1.601259e+01   2.068789e+01
  -3.237375e+01   2.468966e+01
  -1.888775e+01   4.642997e+01
  -6.817263e+00   6.313886e+01
   4.217177e+00   4.014301e+01
   3.087823e+01  -5.075616e+01
   2.598556e+01  -2.102933e+01
   6.155084e+01  -1.303805e+01
  -4.323319e-01   8.380648e+00
  -4.051916e+00   1.493684e+01
   2.340292e+01  -1.582801e+01
  -5.455529e+00   3.087388e+01
   3.792261e-01   1.097352e+01
   1.935774e+01   5.209444e+00
   3.748662e+01  -4.281187e+01
   3.632977e+01   4.186004e+00
  -2.423909e+01   1.232876e+01
   1.446086e+01   3.511777e+01
   4.721100e+00   4.182939e+01
   1.252127e+01  -2.840269e+01
  -1.400938e+01  -1.192760e+01
  -3.414008e+01  -1.424178e+01
  -4.575539e+01  -2.924539e+01
  -2.763646e+01  -2.882328e+01
   1.849153e+01   7.181316e+00
   7.138617e+00  -5.650122e+01
   4.606197e+01  -1.871478e+01
   4.020175e+01  -2.021608e+01
  -2.843670e+01   4.099630e+00
   7.789800e+00  -1.344940e+01
   1.261142e+01  -4.381144e+01
  -2.329361e+00   3.441504e+01
  -5.116092e+00  -2.829626e+01
  -1.807264e+01   8.427848e+00
  -8.716580e+01   4.382729e+01
   3.812987e+01   1.642871e+01
  -6.691627e+01   3.647375e+01
  -4.796684e+01  -1.798349e+00
  -5.127698e+01  -4.388132e+01
   1.503747e+01  -3.393373e+00
  -1.001425e+01  -3.866210e+01
   1.583805e+00   1.185328e+01
  -2.624547e+00  -2.147952e+01
  -1.315918e+01   3.136030e+01
   1.090071e+01   4.991313e+00
  -2.307434e+01  -3.708791e+01
   4.257263e+00   3.215041e+00
   4.645867e+00  -8.480570e+00
   8.582125e+00  -3.047925e+01
   4.328392e+01  -1.668795e+00
   8.963474e+00   1.325683e+01
  -3.946911e+00   1.945117e+01
  -2.219699e+01  -1.013002e+01
   3.701932e+01   8.569347e+00
   1.531980e+01  -1.443485e+01
   8.996342e+00  -1.241000e+01
  -2.919109e-01   8.272890e+00
  -2.404705e+01  -3.320838e+01
   3.701117e+01  -1.036820e+01
  -1.365270e+01   1.830544e+00
   2.363665e+01  -1.697886e+01
  -3.263167e+01   4.983495e+01
   4.259276e+01   1.771913e+01
  -2.556770e+01  -4.395736e+01
  -1.397991e+00  -3.924746e+01
  -3.802074e+01   2.331796e+01
  -1.318961e+01  -2.537776e+01
   4.968130e+01   8.801444e+00
   1.936802e+00   1.157688e+01
  -1.926358e+00   7.064517e+01
   1.220433e+01   5.277331e+01
  -5.496693e+01  -1.127767e+01
   2.140598e+01   1.947933e+01
  -6.754725e-02   1.510206e+01
  -1.022920e+01  -6.863030e+00
  -9.027063e+00  -2.048124e+00
  -1.655007e+01   1.653752e+01
   1.750058e+01  -1.887593e+01
  -1.753166e+00  -4.158283e+00
   8.105639e+00  -3.303697e+01
   1.814491e+00  -1.292933e+01
   5.283940e+00  -9.972745e+00
  -3.441487e+01  -2.245728e+01
  -4.414050e+00   2.823561e+01
  -4.503961e+01  -6.570562e+00
  -3.465247e+01   1.146983e+01
  -2.993457e+01   1.896091e+01
  -2.514181e+01  -8.511129e-01
   1.127620e+01   2.016459e+01
   1.946410e+00  -1.073879e+01
  -1.805966e+01   3.351811e+01
  -4.393580e+01   4.698216e+01
  -1.525876e+01   2.140651e+01
   7.350803e-01   6.803750e+00
   3.251742e+01  -2.178851e+01
  -3.082720e+01  -3.670611e+01
  -1.982945e+01  -8.201291e+00
   8.567990e+00  -2.987144e+00
   7.555895e+00  -3.784975e+01
   1.846705e+01   4.075739e+01
   1.619837e+01   4.803143e-01
   4.585162e+00   3.277704e+01
   2.200479e+01   1.581319e+01
   4.163327e+01  -4.838927e+01
   6.063313e+00  -4.651326e-01
   6.580589e+00  -1.313994e+01
  -8.071209e+00   1.709369e+01
  -1.470643e+01  -1.495136e+01
  -2.798018e+01   2.323308e+00
   3.312679e-01  -1.083236e+01
  -3.827359e+01  -2.554848e+01
   1.586668e+01   1.343595e+01
  -1.714712e+01   2.797590e+01
  -3.365678e+01   3.694259e+01
  -1.348548e+01   1.062088e-01
  -2.725401e+00   6.806617e+00
  -2.033179e+01   1.611687e+01
  -2.033931e+01   6.283768e+01
   6.743288e+01   2.252616e+01
  -4.152072e+00  -6.845596e-02
  -5.056122e+01   1.471743e+01
  -2.028680e+01   2.421519e+01
   2.353590e+00  -2.388702e+01
  -3.930458e+00   5.452874e+00
   3.759363e+01  -1.072437e+01
  -2.112137e+01  -6.105527e+01
  -2.055619e+00   3.446536e+01
  -9.896345e+00  -1.273616e+01
  -1.194998e+01   4.171190e+00
  -1.977548e+01   1.249006e+01
   8.281540e+00  -3.766688e+01
  -1.936095e+01  -4.154628e+01
  -1.257664e+01   1.610145e+01
  -2.867713e+01   1.539335e+01
   9.936478e+00   2.577480e+00
  -1.444519e+00  -2.087401e+01
  -3.553123e+00  -4.514957e+00
  -1.289205e+01  -7.007126e+00
   1.024046e+01  -1.514395e+01
   2.177988e+01   1.296335e+01
  -3.343347e+00  -5.579081e+01
   6.873305e+00  -3.838432e+01
   1.239569e+01  -1.987745e+01
  -2.718765e+01   5.528950e+00
  -2.138518e+01   5.516904e+01
  -1.281693e+01   2.774472e+01
  -3.633418e+01   1.391043e+01
   3.870381e+01   1.746251e+01
   2.425746e+01   6.271888e+00
  -1.191772e+01   1.212157e+01
  -1.653945e+01   2.994508e+01
   2.611047e+01  -1.253512e+01
   2.307383e+00   2.418654e+01
  -9.848249e+00  -4.099207e+01
  -1.421852e+01   9.108198e+00
  -3.703389e+01   4.917309e+01
   2.339243e+00  -3.875700e+01
   1.575363e+01  -7.568649e+00
   1.009916e+01   1.821351e+00
  -4.686597e+00   1.664867e+01
  -5.584940e+00   1.230704e+00
  -4.435069e+01  -1.399570e+01
  -1.738482e+01   6.384968e+00
  -2.993122e+00  -6.427067e-01
   3.217070e+00   2.812525e+01
  -2.034755e+01   4.025098e+01
   5.655895e+00  -2.112915e+01
   1.615297e+01  -1.576026e+01
  -3.422308e+01   4.553338e+01
   9.741971e+00  -1.779571e+00
   2.364935e+00  -3.461215e+01
   6.729664e+00  -5.873775e+00
  -2.913907e+00  -3.571218e+01
  -2.676406e+01  -1.125744e+01
   2.840868e+00   2.159948e+01
  -6.882139e+00   4.578883e+00
  -5.556176e+01   1.290064e+01
  -1.875899e+01  -1.291341e+01
  -1.249507e+01  -3.353576e+01
   1.783250e+01   7.092127e-01
  -2.162598e+00  -1.623932e+01
   8.215772e+00  -1.212138e-01
   8.716050e+00  -1.283662e+01
  -2.139720e+01   3.625865e+00
  -2.353581e+00   1.928278e+01
   5.528334e+00   1.376699e+01
  -2.434758e+00   1.109182e+01
  -4.963757e+00   2.828830e+01
   8.679727e+00   2.379818e+01
   9.569552e+00  -2.828491e+01
  -1.898326e+01   1.467721e+01
   4.773908e+01  -6.815702e+00
  -3.787325e+01  -2.151108e+00
   1.307400e+01   3.766966e+01
  -3.748625e+00  -1.682894e+01
   2.813075e+01   1.364131e+01
   1.971884e+01   4.252659e+01
  -2.972101e+01  -1.809296e+01
   8.649676e+00   4.302632e-01
  -4.670451e+00  -4.432362e+01
   2.187674e+01  -1.849426e+01
  -3.518374e+01   8.747485e+00
   5.972638e+00  -1.202479e+01
  -4.647328e+01   4.284383e+00
  -1.407622e+00  -1.128033e+00
  -2.021006e+01   2.397087e+01
   1.004217e+01   8.866951e+00
  -1.727469e+01  -5.914736e+01
   5.132020e-01  -1.219857e+01
  -2.827852e+01   9.372535e+00
  -2.045653e+01  -1.144290e+00
   1.332973e+00   1.273579e+01
  -3.225464e+00  -1.681567e+01
   5.195179e+00   3.372613e-01
   1.161727e+01  -1.294005e+01
   4.284976e+01   8.566435e+00
   3.155493e+01   3.676600e+01
   2.983534e+01  -2.611133e+01
   1.621474e+01  -1.970153e+01
  -2.896158e+01   1.761706e+01
   5.495902e+00   1.138532e+01
  -3.045969e-01  -2.161435e+01
  -1.525306e+01  -3.875434e+01
  -2.625434e+01   1.810894e+00
  -7.997857e+00   2.644252e+00
  -1.459274e+01   8.025869e+00
  -1.251858e+01   1.361350e+01
  -5.590987e-01   2.494850e+01
   9.830826e+00   3.842826e+01
   3.704657e+00  -3.444297e+00
  -1.463293e+01   8.381403e+00
  -2.492500e+00  -3.540851e+01
  -1.021360e+01  -6.351727e+00
  -4.277176e+01  -2.575879e+01
   3.245518e+01   7.080384e+00
   4.310211e+01  -1.794191e+01
  -1.116527e+01  -3.950818e+01
   1.801236e+01  -5.994478e+00
  -5.372306e+00  -3.701807e+01
  -1.637820e+01   1.693114e+00
  -1.298608e+01  -2.382515e+01
   6.835522e-01   3.607568e+01
  -8.293049e+00   3.949130e+01
  -3.541673e+01   4.557161e+00
   3.455320e+00   1.011787e+01
   2.604332e+01   2.867831e+01
  -2.400329e+01   4.775273e+00
  -3.298262e+01  -1.400480e+01
  -1.732242e+01   1.746425e-01
  -2.688631e+00   3.392529e+01
   1.886661e+01  -5.041612e-01
   1.455543e+01  -4.952540e+01
  -6.736826e+01  -3.284742e+01
   2.734192e+01  -9.797459e+00
  -2.959899e+01  -4.093290e+01
  -1.470281e+00   3.623622e+01
   4.427159e+01   1.039857e+01
  -6.989701e+00  -6.782541e+00
   3.430332e+00  -5.077707e+00
   2.333461e+01  -2.247216e+01
   4.321479e+01   2.664679e+00
  -1.663071e+01  -2.637150e+01
  -2.730701e+00  -3.089277e+01
  -3.472171e+01   2.639490e+01
   4.978565e+01   4.538359e-01
   1.006907e+01  -1.433710e+01
   1.366785e+01  -1.418420e+01
  -2.038996e+01   1.705086e+01
  -5.476337e+00  -2.471603e+01
  -1.158975e+01   2.710983e+00
   2.892015e+01   9.964095e-01
   4.009120e+01   4.690631e+01
   3.398439e+01   4.178858e+00
   9.058700e+00   9.790253e+00
  -2.997507e+01   6.358600e+00
   1.005923e+01   2.605617e+00
   6.351861e+00   1.574018e+00
   1.786201e+01   6.141636e+00
   3.365255e+01   1.584443e+01
  -1.277392e+01   7.433561e+00
  -3.625189e+01   3.054725e-01
   2.156464e+00   7.729439e+00
   2.412845e+01  -4.533534e+01
   6.140657e+00   1.458259e-01
  -4.101540e+01  -9.947694e+00
  -5.033916e+00   9.765406e+00
  -2.025324e+01  -3.365307e+00
  -1.722285e+01   1.584492e+01
  -8.343240e+00  -8.055497e+00
  -3.242204e+01   3.647499e+01
   2.809255e+01   2.596161e+01
   1.000408e+01   1.346695e+01
   4.492420e-01   1.484962e+01
  -1.149645e+01   4.481456e+00
  -1.844158e+01   7.309445e-01
  -1.696874e+01   3.272974e+00
  -2.087174e+00   2.940553e+01
   3.759875e+01  -4.979042e+00
   3.962626e+00  -4.457416e+00
  -3.980581e+01   3.731593e+01
   2.493812e+01   2.125176e+01
   9.164835e+00  -1.236943e+01
  -2.977739e+01  -9.740696e+00
  -2.280635e+01   1.208252e+01
  -1.783895e+01   1.192153e+01
   2.932670e+01   1.683341e+01
   3.513898e+01   1.049108e+01
   3.118999e+01  -2.420785e+00
  -2.486870e+01  -2.617623e+01
   3.224608e+01   1.900276e+01
   1.758516e+01  -6.435966e+00
   3.533382e+01   3.199692e+01
   1.767430e+01   1.651340e+01
   5.270359e+00   7.055019e+00
   1.556933e+01  -2.291658e+01
  -2.235932e+01  -3.272403e+01
   3.385226e+00  -1.253152e+01
  -2.666514e+01   3.023730e+01
   1.974577e+01   2.266033e+01
   1.493582e+01   2.500934e+01
   8.983465e+00  -2.241116e+00
   3.218712e+01   1.372339e+01
   2.915070e+01   3.227524e+00
   3.540774e+01  -6.068502e-01
   2.015661e+01   1.898587e+01
   1.115112e+01  -1.215258e+01
   2.986358e+01  -5.376881e+00
   1.720872e+01   9.001323e-02
  -9.493261e+00   3.706155e+00
   3.964503e+00   1.104973e+00
  -1.241043e-01  -9.687736e+00
   6.000596e+01   3.756451e+00
   1.871837e+01  -7.131787e+00
  -1.115701e+01  -1.084652e+01
   2.188821e+01   4.477686e+00
  -1.081002e+01   1.305969e+01
   9.282040e+00   8.810334e+00
   2.406647e+01  -1.174634e+01
   4.599722e+01   3.077612e+01
  -2.556839e+01  -3.730984e+01
   2.043675e+01  -9.019287e+00
  -1.453851e+00   1.112456e+01
   2.807247e+01   3.332712e+01
  -9.791863e+00   2.685047e+01
  -1.749497e+01  -2.216114e+01
  -3.405279e+00  -1.187832e+01
  -6.056638e+00  -2.847036e+01
   1.633929e+01  -2.373468e+01
  -2.033049e+01  -8.374844e+00
  -2.675148e+01  -1.206192e+01
  -2.104070e+01  -1.321411e+01
   6.759020e+00   1.745246e+01
  -2.320853e+01  -2.606635e+01
  -3.137041e+00   1.909797e+01
   3.474952e-01   4.102134e+00
  -1.104077e+00  -5.473991e+00
  -5.561267e+01  -3.168667e+01
  -8.375224e+00   4.804310e+01
  -1.685276e+00   7.943920e+00
  -1.718884e+01  -6.632475e+00
   5.960897e+00   2.095868e+01
  -2.781304e+01  -1.634492e+01
  -3.297661e+01   1.316996e+01
   2.296595e+01   2.417149e+00
   3.201820e+00  -1.627029e+01
  -1.343611e+01  -3.074218e+01
  -4.558633e+01  -1.296913e+01
  -1.827503e+01   1.541677e+01
   2.064055e+01  -1.300508e+01
   7.676859e+00  -1.926631e+01
   3.428856e+01   2.403382e+01
   3.042093e+01  -4.320462e+00
  -7.386917e+00   2.077265e+01
  -4.402881e+01   4.998859e+01
  -1.212745e+01  -2.752047e+01
   2.533287e+01   1.263522e+01
   3.419383e+01   3.100904e+01
  -8.257280e+00  -4.269598e+01
   9.612144e+00  -8.051646e+00
  -2.905537e+01   7.039619e+00
  -2.059585e+01  -1.079849e+01
  -8.342701e+00  -1.420491e+01
   1.493459e+01  -6.773077e+00
   1.960000e+01   3.224007e+01
  -7.749633e+00   1.572998e+01
  -3.231718e+00   1.876253e+01
   3.784342e+01   1.683435e+01
  -2.203892e+00  -1.148271e+01
   1.916121e-01   1.301757e-02
  -1.041408e+00   2.715192e+01
  -2.032331e+01   1.120590e+01
  -9.341021e+00  -3.429399e-01
   2.459053e+01  -1.734742e+01
  -2.102323e+01  -1.901078e+01
   2.272309e+00   1.562003e+01
   3.762577e+00  -1.417225e+01
  -2.884957e+01   1.573915e+01
  -2.320708e+01  -5.407674e+00
   2.547161e+01  -3.972050e+01
  -1.329442e+01  -1.545989e+01
  -3.058967e+01  -3.031385e+01
   3.249074e+01  -2.051635e+01
   3.303136e+01  -3.408252e+01
   5.801866e+00   5.412796e+00
  -7.608351e+00  -9.223558e+00
   2.003526e+01  -1.327569e+01
   1.206899e+01   2.227246e+01
   6.107634e-01  -7.473010e-01
  -1.134067e+01  -1.906534e+01
  -1.693205e+01  -1.296504e+01
  -2.945090e+01   6.915221e+00
   2.567260e+01   2.095523e+01
   9.281663e+00  -1.346140e+00
  -1.081617e+01  -4.262431e+01
  -2.169389e+01   2.747164e+00
  -1.252373e+01   1.678494e+00
   5.027335e+00  -8.372645e+00
  -1.282947e+01  -2.650606e+01
   1.841705e+01   6.912171e+00
   3.057732e+01   1.098957e+01
   2.719386e+01  -2.956514e+00
   5.075421e+01  -2.033269e+01
  -2.090830e+00   9.910102e+00
   6.035479e+00   2.359744e+01
  -1.484980e+01   1.377416e+01
  -6.414756e+00  -3.903057e+00
  -3.854605e+01  -8.649204e+00
  -2.579112e+01  -9.365312e+00
  -2.016246e+01   2.544942e+00
  -1.595717e+01  -1.277979e+01
  -2.716118e+01   4.392781e+01
  -1.790564e+01  -3.344527e+01
  -2.324948e+00   9.555059e+00
  -3.188372e+01  -2.517490e+01
   2.251891e+01   1.194034e+01
  -3.708748e+01   9.126675e+00
   1.640100e+01   2.791647e+00
   2.647267e+00  -1.127097e+01
   1.132064e+01  -3.753380e+01
   1.553584e+01   7.419455e+00
   6.856342e+00  -2.584857e+00
   1.001321e+01   9.571639e+00
  -1.712592e+01   2.224247e+01
  -3.073131e+01   2.258262e+01
  -1.897178e+01   1.587849e+01
   8.573175e+00  -1.243564e+00
   1.508426e+01   3.062254e+01
   6.003981e+00  -1.121717e+00
  -2.709048e+01  -1.333102e+01
  -1.786696e+01   8.139933e+00
   2.616423e+00   8.420582e+00
   1.475598e+01   2.265349e+01
   2.024300e+01   2.537605e+01
   3.357057e+01  -4.986376e+00
   2.277631e+01  -3.232021e+00
   1.119419e+01   7.089760e+00
   5.147682e+01  -9.325373e-01
  -5.811011e+00   5.252901e+01
   2.136974e+01   2.510276e+01
  -9.789241e+00   4.388177e+00
   3.962890e+00   4.658871e-02
  -1.667002e+01   1.551327e+01
   9.586652e+00   2.354006e+01
  -1.157524e+01   1.050951e+00
  -9.006098e+00  -3.953316e+00
   4.582734e+01  -7.940041e+01
  -3.210664e+01  -1.613882e+01
   8.485521e+00   3.441883e+01
  -3.193494e+01  -2.621332e+01
  -2.591440e+01   3.941656e+01
   5.601165e+00   2.313482e+00
  -2.375894e+01  -2.536849e+01
  -5.435150e+00  -2.196018e+01
   4.537501e+01  -3.788591e+01
  -1.087890e+01   2.987374e+01
   7.780311e+00  -2.446627e+01
  -5.742111e+00   5.600388e+00
  -1.351721e+01   1.278896e+01
   3.941080e+01  -9.878637e+00
  -2.301591e+01   3.642427e+01
  -8.811478e+00   2.006880e+01
   2.678092e+01  -4.236544e+01
  -3.243176e+01   1.840907e+01
   1.736708e+01   1.820403e+01
   6.343953e+00   6.143716e+00
  -1.053739e+01  -1.509968e+01
   1.432442e+01   4.958180e+01
  -8.861615e+00   1.622403e+01
  -2.727405e+01  -2.210768e+00
  -1.759477e+01   1.402307e+01
  -4.570451e+00   1.945492e+01
  -5.811690e+00  -1.634367e+01
  -6.970761e+00   7.017929e+00
   9.575200e+00  -2.524567e+00
  -9.875116e+00   2.063820e+01
   7.660161e-01  -2.507515e+01
  -3.793580e+00   2.437635e+01
  -7.963369e+00  -3.306024e+01
  -1.034906e+01  -5.844831e+00
  -6.708920e+00   2.114980e+01
  -1.817731e+01   2.932141e+01
   8.143457e+00  -3.896803e+00
   5.239464e+00   3.738933e+00
   5.652623e-01   2.877804e-01
   4.702203e+00  -1.497833e+01
  -1.857098e+01  -3.393833e+01
  -3.527289e+01   6.557766e+00
   9.965091e+00   3.085215e+00
   1.527285e+01   2.352276e+00
   9.822537e+00  -2.369398e+01
  -7.745745e+00   3.651477e+01
   6.030910e+01   9.837563e+00
   1.032052e+01   1.625017e+01
   2.086427e+01  -2.877456e+01
  -2.863512e+01  -3.842778e-03
  -3.300991e+00   1.155635e+01
   1.703680e+01  -2.251455e+01
  -2.730631e+01  -4.291571e+01
   1.620419e+01   1.966244e+01
   2.697517e+01  -1.162741e+01
   2.806869e+01  -5.625735e+00
  -1.063477e+01  -7.055860e+00
  -1.167293e+01  -4.322824e+01
   8.725087e+00  -1.846678e+01
   8.459740e+00   3.054116e+01
   1.410159e+01   1.437471e+01
   2.027656e+01  -8.531606e+00
  -8.352676e+00  -1.099694e+00
  -4.134829e+01   2.873185e+01
   1.851340e+01   2.675065e+01
  -3.300149e+01  -1.752810e+00
   2.106899e+01   1.517632e+01
   5.276613e+01  -3.154873e+00
   1.451019e+00  -4.040846e+00
  -4.232877e+00   2.841226e+01
   3.769252e+00   1.623153e+01
   1.424045e+01   8.334462e-01
   1.921545e+01   5.006429e-02
  -1.061256e+01  -4.279721e+00
  -1.426051e+01   3.097936e+00
   9.626938e+00  -2.155965e+00
  -2.037658e+01   1.386438e+01
   5.840441e+00  -3.174117e+01
  -3.600546e+00   5.691953e+00
   4.166263e+01   4.102203e+01
   6.250461e+00   1.063366e+01
  -1.574292e+01   8.438617e+00
   8.809691e-01   1.656105e+01
   6.374672e+00   1.316788e-01
   8.847510e+00  -4.400852e+01
   2.456272e+01   7.184906e+00
  -3.160725e+00  -1.000809e+01
   3.966510e+00   2.541664e+01
   1.813514e+01  -4.110398e+00
  -4.088057e+01  -3.951205e+01
  -5.221949e+00   3.711916e+01
  -2.921095e+01   5.929413e+00
   1.547783e+01   4.375749e+00
   2.610337e+00   3.657218e+01
  -9.830281e+00  -5.154153e+01
   2.744919e+01   2.264192e+01
   1.633274e+01   2.534156e+00
  -4.297598e+01   1.353041e+01
   4.064749e-01   6.326624e+00
   9.234856e+00   2.377872e+01
   3.166061e+00   1.774589e+01
   2.048357e+01   3.425265e+01
   1.416958e+01  -2.069026e+00
   2.755889e+01  -1.093560e+01
   1.481741e+01  -2.226673e+01
   1.923128e+01  -9.293719e+00
   2.699855e+01   4.117445e+01
  -1.257532e+01  -3.730649e+01
  -1.360286e+00   3.836212e+01
   2.125037e+01   7.458239e+00
  -3.685231e+00  -1.139303e+01
  -4.984742e+00   7.450332e+00
   1.192877e+01   2.412540e+01
   2.817174e+01  -1.042863e+01
  -3.430411e+00   6.868580e+00
   2.771921e+01   2.134391e+01
  -1.829811e+01  -1.601732e+01
   3.370885e-01  -2.803900e+01
  -2.951885e+01  -3.370167e+00
  -1.192629e+01  -2.619875e-01
  -2.262364e+01   4.723063e+00
  -4.099953e+01  -3.282571e+01
   2.564909e+01   4.029794e+01
  -2.113859e-01   1.308977e+01
  -2.086370e+01   1.191358e+01
   1.381828e+01  -2.977408e+01
  -1.382480e+01   6.676567e+00
   7.077670e+00   4.655677e+00
   1.345636e+01  -3.377764e+00
  -2.724750e+01  -9.225568e+00
   4.588389e+00   2.420114e+01
   2.182454e+01   2.976771e+01
  -2.865472e+01   9.888838e+00
  -2.561514e+01   6.296695e+00
   2.220059e+01  -9.299369e+00
  -1.217433e+00   4.110178e+01
  -7.073457e+00   4.349284e+01
   1.450001e+01   4.592659e+01
   1.979369e+01  -9.927376e-01
   5.092693e+00  -1.538221e+01
  -8.589475e+00   2.619279e+01
   2.217468e+01   8.001707e+00
  -6.155619e+01  -1.874626e+01
  -5.645440e+00  -3.436282e+01
  -1.401778e+01  -1.390732e+01
   8.566338e+00  -4.805998e+00
  -2.041882e+01  -1.617444e+01
  -2.261721e+01   1.818380e+01
  -1.724650e+01   3.371858e+01
  -1.060902e+01  -1.052800e+01
  -3.283018e+01   3.038098e+01
  -1.264188e+01  -1.050195e+01
   4.950832e-01  -1.238843e+01
   1.920026e+01   1.927467e+00
  -5.237679e+00   5.455505e+01
  -1.449272e+00   5.100365e+00
   2.891845e+01  -5.502735e+01
   1.469793e+01  -3.927801e+01
   2.640636e+01  -1.855370e+01
   1.280990e+01   1.904543e+01
   4.962282e+00  -1.470791e+01
   1.921714e+01   1.532064e+01
   2.573772e-01  -8.512137e+00
  -7.625230e+00  -2.054275e+01
   2.329963e+01   8.797559e+00
   8.763000e+00  -2.053021e+00
  -7.022632e+00  -1.500180e+01
  -2.942889e+01   9.002597e+00
  -5.304329e+00  -2.421857e+01
  -3.137655e+01  -5.020120e+00
   8.252592e+00  -1.863712e+01
   9.232244e+00  -5.906767e+01
   2.194356e-01  -1.776647e+01
  -1.198619e+01   3.157898e+01
   1.211052e+01  -2.369004e+01
   1.796085e+01  -6.928483e+00
   2.265532e+01   1.419493e+01
  -1.569456e+00   3.727536e+01
   7.662308e+00  -1.552846e+01
  -1.559290e+00  -8.561153e+00
  -1.035862e+01  -6.875778e+00
  -2.624129e+00  -2.855295e+01
   3.302722e+01  -1.129710e+01
  -1.348410e+01  -1.337475e+00
   3.607633e+01   1.037819e+01
   4.049254e+01  -2.202959e+01
  -1.308753e+01   3.880257e+00
  -1.504091e+01  -2.152442e+01
   4.498757e+00  -9.499755e+00
  -1.434383e+01   3.739883e+00
   1.132452e+01  -1.532477e+00
  -4.912824e+00  -1.597481e+01
  -2.348187e+01   3.746649e+01
  -4.245784e+01   1.815553e+01
  -5.641474e+00  -1.022577e+01
   4.328481e+01  -3.309129e+01
  -3.801234e+00   4.271790e+00
  -5.303511e+00   4.309957e+01
  -1.482588e+01   2.012095e+01
  -2.591909e+01   9.025694e+00
  -2.105866e+00   2.663327e+01
  -3.599763e+01   7.414884e+00
   1.691231e+01   9.772949e-01
  -9.071986e-01   1.919559e+00
   9.858273e+00   1.422587e+01
  -3.503645e+01  -5.479494e+01
   3.278252e+01   1.949271e+00
  -9.936146e+00  -1.231462e+01
  -1.634575e+01   1.052675e+01
  -8.139157e+00   3.059995e+01
  -2.595898e+01  -2.032711e+00
  -3.989725e+01   2.037893e+01
  -1.014399e+01  -2.065402e+01
   1.508978e+01   6.005340e+01
  -9.830918e+00  -2.136263e+01
   5.121498e+01  -9.258227e+00
  -1.603324e+01   7.140741e+00
   8.038729e+00   2.653224e+01
  -1.394245e+01   2.459936e+01
   1.942922e+01  -3.701075e+00
   1.530581e+01   2.155002e+01
   2.138419e+01   1.768641e+01
   1.997399e+01  -1.703394e+01
  -7.873246e+00  -4.534547e+01
  -1.240257e+01  -1.373294e+00
   1.485213e+01  -1.846225e+01
   5.540794e+00   5.507933e+00
   2.299938e+01  -1.901026e+01
  -2.924288e+01  -7.366756e+00
  -5.550201e+00  -1.855211e+01
   2.598061e+00  -1.222284e+01
  -1.194723e+01   3.266200e+01
   1.088631e+01   4.827529e+00
  -2.325675e-01  -7.389039e+00
   3.403598e+01   1.277378e+01
   2.807985e+01  -1.765752e-01
  -4.675255e+00   2.605286e+01
  -1.296961e+01  -2.770251e+01
  -1.242227e+01  -5.727667e+00
   1.695313e+01   1.724258e+01
   3.406422e+01   2.534118e+01
  -3.702448e+00   3.240514e+01
  -2.170871e+01   1.980819e+01
   1.622336e+01   2.539281e+01
   1.890219e+01  -4.784064e+01
   3.386363e+00   1.134367e+01
  -3.698051e+00  -2.593590e+01
   4.680823e+01   1.408136e+01
   4.193869e+01   7.195781e+01
  -1.002391e+01   3.038050e+01
  -3.837060e+01  -1.081266e+01
   3.570137e+01   3.453039e+01
  -3.558560e+00   8.725189e+00
  -1.685232e+01  -1.547058e+00
  -1.985189e+01  -4.000013e+01
   2.544026e+00   3.141776e+00
   6.181521e+00  -1.959498e+00
   1.648459e+01  -1.186757e+01
   3.278984e+00  -5.419798e+00
   2.556284e+00   3.605533e+00
  -2.667954e+00   4.956989e+01
   3.036617e+01   3.824862e+01
   2.759495e+00  -1.789900e+01
  -4.095609e+00   4.062644e+00
   8.598321e-01   2.201357e+01
   4.293275e+01   2.184826e+01
   2.526003e+01  -1.038642e+01
   2.459811e+01   3.831741e+01
   1.455160e+01  -9.966671e+00
  -2.754704e+01   1.568234e+01
  -3.952010e+01   4.148224e+00
  -6.437100e-01  -1.912113e+01
   1.899726e+01   3.384078e+01
   6.012612e+01  -5.855145e+00
  -1.654895e+01   6.014761e+01
   1.863584e+01  -4.743593e+00
  -2.367293e+01   2.158424e+01
  -6.146872e+00  -2.185945e+01
  -8.391613e+00  -4.943893e+00
   1.263552e+01  -1.564194e+01
  -2.195884e+01  -3.113825e+01
   1.392172e+01   2.345218e+00
   9.937721e+00   2.495642e+01
  -1.931107e+01  -4.801239e-01
  -2.099231e+01   1.680357e+01
  -4.955581e+00   1.511158e+01
   1.310813e+01   5.401333e+00
   2.994790e+01   8.775294e+00
  -1.827879e+01   6.434460e+00
   2.324840e+00   6.688389e+00
  -4.839557e+00   6.104201e+00
  -4.332669e+01   2.996037e+01
   2.042888e+01  -4.472003e+01
  -3.465464e+01   1.410943e+01
   5.815450e+00   2.672371e+01
   2.768658e+01  -4.704403e+00
   1.536206e+01   3.074611e+01
  -4.803088e+01   5.087819e+01
   1.464401e+01   1.772701e+01
  -3.211793e+01   1.669257e-01
  -1.691449e+01   1.100775e+01
   2.961200e+01   4.657050e+01
  -2.456908e+01   1.617189e+01
  -1.282647e+01  -2.536123e+01
   3.859657e+01  -1.196359e+01
  -1.597526e+01   3.282137e+01
  -1.024826e+01   2.306271e+01
  -1.854609e+01  -2.460123e+01
  -1.438650e+01   3.500767e+01
  -2.333969e+01  -2.176553e+00
  -3.092038e+00  -1.361379e+01
  -3.041207e+01   2.438247e+01
   6.125705e+00   8.153938e+00
   9.474871e+00  -3.359983e+00
   1.831822e+00  -8.546541e-01
   2.305127e+01  -2.922702e+01
  -1.528415e+01  -5.072083e+00
  -1.584413e+00   1.066337e+01
   8.719628e+00   7.735168e+00
  -7.820664e+00  -2.654127e+01
   2.066598e+00  -5.050263e-01
  -1.240941e+01   1.188690e+01
   7.350149e-01  -3.955045e+01
   4.854436e+00   1.413964e+00
   6.831916e+00   5.754086e+00
  -2.670391e+01  -6.449039e+00
   1.629138e+01   5.644594e+01
   1.722710e+01   3.374971e+01
  -2.045039e+01  -1.281030e+01
  -1.589049e+01  -3.154766e+01
  -3.223168e+01  -4.001447e+01
  -2.626947e+01  -2.438985e+01
   2.345831e+01  -2.558152e+01
  -5.754562e+00  -1.048390e+01
  -1.063767e+01  -6.154278e+00
   2.764927e+00  -4.398565e-01
  -1.837461e+01  -4.417010e+01
  -4.571154e-01   2.353664e+01
  -9.775502e+00  -1.340912e+01
  -1.490295e+01  -3.134669e+01
  -5.051961e+01  -9.827711e-01
   3.812183e+01   2.312813e+01
  -1.022803e+01   1.592898e+01
   7.805393e+00   1.164970e+01
   3.734287e+01   4.024213e+00
   2.322636e+01  -2.564133e+00
  -1.946933e+01   6.131346e+00
  -2.897258e+01  -1.522714e+01
   1.106739e+01   1.374060e+01
   5.819136e+00   9.762546e+00
   6.116424e+00  -3.332046e+01
   6.675555e+00  -4.007732e+01
  -4.669486e+01   3.179698e+01
   2.388191e+01  -2.641176e+01
   7.325583e+00   4.452466e+00
   2.371928e+00  -9.007795e+00
   2.995621e+01   4.794759e-01
  -3.769728e+01  -1.868120e+01
  -6.252688e+00  -1.868277e+01
  -1.182217e+01   3.413708e+00
  -2.292931e+01  -1.703028e+01
  -3.066231e+01  -2.396639e+01
   2.295064e+01   1.132579e+01
  -1.757376e+01   2.074619e+00
   1.372536e+01  -7.104313e+00
   3.957712e+01  -8.711731e+00
   1.783157e+01   7.471305e+00
   2.024912e+01   6.917105e+00
  -2.912418e+00   3.278478e+00
  -1.636363e+01  -7.260248e+00
  -7.379649e+00  -1.935303e+01
   2.663836e+01  -3.659013e+01
  -1.000790e+01   1.599134e+01
  -1.345526e+00   3.877047e+01
   6.890347e+00   7.378093e-01
   4.166889e+01   9.452397e-03
   1.719641e+01   2.039164e+01
  -2.937887e+01  -2.039893e+01
  -1.236124e+01  -1.822428e+01
   1.312751e+01  -1.303267e+01
  -1.134200e+01  -5.650726e-01
  -3.900477e+01   1.343789e+01
   2.727331e+01   3.646807e+01
  -9.564379e+00   5.428721e+00
  -4.404658e+01   5.213214e+00
   6.417412e+00   4.263874e+01
  -2.034289e+01  -4.744890e+00
   2.478003e+00   4.682999e+01
  -3.564362e+01  -2.986837e+01
  -7.912276e+00  -3.985626e+00
   1.682340e+00  -2.734536e+01
  -2.121659e+01  -1.634384e+01
   2.812307e+01   7.752761e+00
   6.545700e+00   1.751329e+01
  -2.521782e+01  -2.285245e+01
   1.654606e+01   5.470547e+00
  -5.489376e+00   1.311972e+01
  -3.756667e-01   1.884994e+01
  -3.311822e+01   3.876954e+01
   3.569376e+01  -2.573751e+01
   2.064549e+01   1.592744e+01
   3.824630e+01  -4.142220e+00
   1.572845e+01  -7.529479e+00
  -7.965454e-01   6.914720e+00
  -2.677527e+01  -3.326038e+01
   4.009471e+00  -1.330413e+01
  -1.601984e+01  -1.707667e+00
  -1.413345e+01   8.099945e-01
   4.230854e+01   1.386232e+01
   2.073587e+01   1.062327e+01
   9.552983e-01   3.604797e+01
   2.211675e+00   1.124238e+01
  -8.287655e+00   1.825420e+01
   1.653099e+01  -2.185609e+01
   2.877114e+01   2.406298e+01
  -7.494268e+00   3.050238e+00
   7.890998e+00   4.476449e+00
  -4.389693e+00  -9.858457e+00
   3.817500e+01   4.012026e+01
   2.189385e+00  -1.446687e+01
   7.278195e+00   4.177987e+00
   2.974958e+00  -8.797413e-02
   6.939090e+01   4.190450e+01
  -7.811410e+00  -1.745512e+00
   4.048245e+00   1.331873e+01
  -3.867111e+01   2.092123e+01
  -2.852696e+01  -1.157535e+01
   5.150940e+00   4.268772e+00
   3.002632e+01   1.807677e+01
   8.784473e+00   1.280645e+01
   2.138944e+01  -1.943689e+01
  -2.209592e+01   1.847394e+01
  -3.655436e+00  -1.003250e+01
   1.894239e+00   5.428310e+01
  -6.690617e+00   4.580146e+01
  -1.990103e+00   1.833171e+01
  -2.771172e+01  -6.760185e+00
   3.828035e+01   1.806226e+01
   4.182613e+00   2.225605e+01
  -2.529196e+01   1.474150e+01
   1.932652e+01   1.286827e+01
  -2.284041e+00   1.470798e+01
  -5.309304e+01   1.003055e+01
   1.702593e+01  -3.997298e+01
   8.414861e+00  -1.397965e+00
  -7.335214e+00  -4.273741e+01
  -8.483862e+00   2.578041e+01
  -8.416147e+00  -9.039034e+00
  -3.627905e+01   2.240484e+01
  -1.652211e+01   3.556618e+01
   9.095262e+00   1.885731e+01
  -1.697338e+01   2.311419e+01
  -2.218338e+01  -3.811693e+00
   2.508720e+01   2.186809e+01
   3.502916e+01   1.481301e+01
   2.463942e+00  -5.428548e+00
  -1.600898e+01  -3.431717e+01
  -5.336845e+01   1.445584e+01
  -1.192428e+00   3.897329e+01
  -1.055416e+01  -2.592003e+01
  -6.215413e+00   4.958796e+00
  -1.256573e+01  -1.878846e+01
  -6.072388e+00  -3.005503e+01
  -2.473019e+01   6.268492e+00
   2.259201e+00   3.175256e+01
   2.810234e+00  -4.520756e+00
   1.335916e+01   2.677414e+00
  -3.507944e+01   7.475234e-01
  -2.432732e+01   1.232905e+01
  -1.615222e+01  -1.242852e+01
  -3.468453e+01   1.104452e+01
  -2.011506e+01  -2.574234e+01
   1.624801e+01  -2.918861e+01
   2.256294e+01  -1.681167e+01
   8.767631e+00  -1.661242e+01
   2.679173e+01  -1.791758e+01
  -6.172531e+00   2.493513e+01
   5.104594e+00  -1.938056e+01
   5.537166e+00  -7.869141e+00
  -1.188466e+01   2.338802e+01
   6.080305e+00  -1.246568e+01
   1.127535e+01   8.239128e+00
   1.786248e+01  -1.379102e+00
  -1.705036e+01  -5.646247e+00
  -4.712554e+01   9.142305e+00
  -2.071655e+01  -3.266822e+01
  -5.441301e+00   5.924284e-01
  -2.697452e+01   4.052772e+00
  -1.477383e+01  -2.675308e+01
   1.324559e+01  -7.296392e+00
   1.451815e+01  -1.821385e+01
  -1.322886e+01   3.156091e+01
   8.419963e+00   1.375595e+00
  -4.991661e+01   5.221761e+00
  -8.435273e+00   2.360984e+01
  -4.158385e+00  -9.424303e+00
   6.312812e+00  -6.404577e-01
   2.784023e+01  -4.495233e+00
  -2.957002e+01   2.120395e+01
  -2.247963e+01   1.913776e+01
   7.077266e-01  -4.164502e+01
  -5.753128e+01   2.379321e+01
   6.990422e+00  -1.086213e+01
   1.835907e+00   8.697392e+00
   6.008389e+01  -8.720445e+00
  -2.375677e+01  -6.008086e+00
   1.716895e+01  -3.097792e+01
   1.923298e+01   5.704543e+01
   1.168359e+00  -3.394546e+00
  -1.898281e+01   1.925342e+01
  -1.736767e+01   5.265413e+00
  -6.091542e+00  -3.918437e+00
  -1.965423e+01  -3.624615e+00
   6.697445e-01   1.073962e+01
  -3.632844e+01  -1.645315e+01
  -9.835630e+00   3.280194e+01
   1.800882e+01  -1.740018e+01
   6.136466e+00  -5.043625e+01
   2.222187e+01   1.057035e+01
   1.746067e+01  -1.228235e+01
   3.456645e+00  -2.684650e+00
   6.670857e+01  -1.949819e+01
  -1.315665e+00   3.557496e+01
  -5.350754e+01   3.898122e+01
  -2.179528e+01  -1.564967e+01
   4.521941e-01  -4.725009e+00
  -2.118570e+01   1.367089e+00
  -6.887434e+00   2.837868e+01
  -3.848245e+00  -2.680889e+00
  -2.691073e+00   7.677871e+00
  -8.255161e+00  -2.134573e+01
   1.035191e+01  -4.839465e+01
   2.350753e+01   6.296529e+00
   2.571171e+01   2.369212e+01
   9.623648e+00   2.651858e+01
  -1.269633e+00  -4.689723e+01
  -6.012220e+00   1.719636e+01
  -2.210618e+01  -1.677249e+01
  -1.910319e+01   1.790216e+01
  -1.818262e+01  -1.681740e+01
   1.010598e+01   2.757003e+01
   5.527998e+00  -1.600919e+01
   7.137281e+00   2.900980e+00
   3.618911e+01   2.736090e+01
  -9.086663e+00  -2.567039e+01
  -8.245799e+00   9.632927e+00
   1.288578e+01   8.958969e+00
  -3.740349e+01   4.090712e+01
  -1.025606e+01   1.969454e+01
  -2.961310e+01  -8.241694e+00
   1.851846e+01   3.065655e+00
   2.940424e+01   7.884631e+00
   3.837866e+00  -2.467855e+00
  -1.001135e+01  -4.934782e-02
  -1.439615e-01   2.060286e+01
   4.354973e+01  -4.212110e+01
  -1.810018e+01  -3.147101e+01
  -3.543628e+01  -2.511186e+00
   1.712639e+01   1.335943e+01
  -1.931729e+00  -2.697538e+01
   1.178083e+01  -1.364038e+00
  -2.342278e+01  -2.218819e+01
   2.152217e+01  -8.578367e+00
   4.966391e+01   3.528131e+01
  -4.399838e+01   1.339020e+01
  -3.896755e+01   1.070307e+01
   2.445049e+01  -2.230300e+01
  -1.246482e+01  -1.032170e+01
   3.951657e+01   3.776196e+00
   9.187047e+00   1.235507e+01
  -9.746109e+00   4.575889e+00
   2.023778e+01  -3.930189e+01
   9.289371e+00  -1.813421e+01
  -1.747584e+01   2.503467e+01
   1.883832e+01  -2.358530e-01
  -2.653555e+01  -1.519463e+01
  -1.216148e+01  -4.495076e+01
  -2.287807e-02  -2.450869e+01
  -9.040793e+00  -1.350551e+01
   1.279796e+01  -1.689140e+01
   7.913551e+00   1.147320e+01
  -4.124132e+00   1.304030e+01
  -6.390170e+01  -2.255795e+01
  -2.953390e+01   9.396331e+00
  -2.320796e+01  -2.179867e+01
  -2.979087e+01  -1.167239e+01
   2.789953e+00  -2.231107e+00
  -1.455194e+01   3.006452e+00
   9.075658e+00   1.259858e+01
   3.074430e+01   1.819930e+01
   1.124572e+01   3.230827e+01
  -2.535438e+01  -1.947500e+01
   8.608540e+00   1.467596e+01
   2.416334e+01  -4.313739e+00
  -5.186414e+00   1.890940e+01
  -8.182998e-01   2.521529e+01
   8.639242e+00   1.757562e+01
   4.200279e+01  -1.502933e+01
  -4.095162e+01   2.324620e+01
  -5.301610e+01   1.695772e+01
  -6.465613e+00   2.509752e+01
   7.127969e+00  -1.105674e+01
  -1.347456e+01   8.566290e+00
   2.670669e+01   2.177573e+01
   5.293740e+01   7.682938e+00
  -6.461959e+00   9.962814e+00
  -2.280024e+01   3.785081e+00
  -3.028676e+00  -1.422923e+01
  -2.021479e+01  -5.895116e+00
   2.250130e+01   1.033534e+01
   1.422814e+01  -7.340839e+00
   4.007570e+00   3.232192e+01
   3.744939e+01   4.077015e-01
  -1.710809e+01   2.458918e+01
  -1.091401e+01   1.791909e+01
   5.529812e+00  -2.448409e-01
  -3.379138e+00   5.552732e+00
   1.380121e+01  -1.468286e+00
   2.147968e+00   5.294307e+00
  -2.280362e+00   1.235028e+01
   1.354326e+01  -2.283070e+01
  -8.744430e+00   2.686575e+01
   1.728519e+01   2.197557e+01
   4.289145e+01   1.810135e+01
  -1.832932e+01   2.235380e+01
   3.611678e+00   1.764146e+01
   1.176384e+01  -2.206976e+00
  -3.824709e+00   2.638514e+01
   3.169773e+01  -6.619539e+01
  -1.082464e+01   4.362162e-01
   2.282148e+00   1.464356e+01
  -2.264151e+01  -2.129550e+01
  -3.533065e+01   4.270199e+00
  -3.309341e+00   5.144473e+00
  -7.042634e+00  -3.034901e+01
  -1.176614e+01   1.294094e+01
   4.585511e+01   1.278185e+01
  -1.782047e+01  -9.197848e+00
   1.915722e+01  -7.993535e+00
   3.819889e+00  -8.062538e+00
  -1.047515e+01   3.576120e+01
   1.619882e+01   1.226218e+00
   1.465044e+01  -9.998891e+00
  -2.103549e+01  -1.170583e+01
   2.775855e+01   2.304520e+01
   1.159866e+01   1.757659e+01
  -5.645392e+00   3.033005e+00
  -1.005030e+01   3.822779e+00
  -2.482963e+01   2.036439e+01
   1.405034e+00   2.953846e+01
  -3.714799e+00  -4.036564e+01
  -8.206985e+00  -3.581405e+00
   1.449330e+01  -1.103212e+01
   3.242350e+01  -3.819846e+00
   2.359219e+01  -2.261633e+01
  -7.789156e+00   1.981860e+01
   2.184166e+01   2.235643e+01
   1.392618e+01   1.050675e+01
  -1.895992e+01   8.772040e+00
   6.075253e+00  -2.972717e+01
  -8.848781e+00  -1.157475e+00
   1.300095e+01  -3.779977e+01
   1.365070e+00  -2.211042e+00
   9.256692e+00  -2.655450e+00
  -2.307590e+01  -2.749140e+01
  -1.031509e+01   4.182140e+00
   4.749715e+01  -1.647909e+01
  -2.188251e+01   2.087159e-01
  -3.438059e+01   1.736428e+01
  -1.497881e+01   4.600363e+01
  -4.254037e+01  -3.554282e+01
  -2.836782e+01   3.090904e+01
  -7.546941e+00  -4.203540e+01
  -2.955743e+01   2.019604e+01
   5.398538e+00   5.159659e+01
   2.024919e+01   4.029401e+01
   3.656442e-01   1.075791e+01
   2.284066e+01  -1.679123e+01
  -1.352780e+01   1.273077e+00
   3.349050e+01  -9.896273e+00
  -5.585355e-01  -1.321204e+01
  -3.142118e+01  -2.313353e+01
   1.463337e+01  -8.167088e+00
  -2.729256e+01   5.373963e+00
   2.006548e+00   2.958785e+01
  -4.199813e+00   1.705851e+01
  -4.670050e+01   1.681942e+00
  -1.954163e+01  -2.270678e+01
  -2.847718e+01  -7.924619e+00
   1.780529e+00   1.948463e+01
   7.794288e+00  -2.323371e+01
   6.914943e+00  -8.929172e+00
   2.787192e+01  -2.871721e+00
  -1.530710e+01   1.266816e+01
   1.877541e+00   5.879302e+00
  -5.852726e+00  -4.189782e+01
   3.849220e+01  -1.131207e+01
   4.320237e+00  -8.739573e+00
   1.983509e+01   2.844528e+01
   4.245516e+00   4.047266e+00
   3.232653e+01   2.613581e+00
   1.958742e+01   4.402028e+01
  -2.549281e+01  -2.527354e+00
   4.684447e+00   5.663840e+01
   3.897478e+00  -1.102958e+01
   4.417021e+01  -2.246494e+01
   9.215767e+00  -5.518462e+01
   1.201114e+01  -1.456438e+01
  -2.093837e+00   1.969173e+01
   2.743647e+01  -7.806195e+00
  -2.457420e+00  -2.318937e+00
  -9.846158e+00  -2.486739e+01
   9.859136e+00   1.897832e+01
   3.048706e+01   2.319260e+01
   2.727747e+01  -1.136261e+01
  -1.197991e+01  -3.380464e+00
   1.745727e+01   4.455864e+00
   7.083752e+00   3.681770e+01
  -2.671752e+01   2.649003e+01
  -1.674203e+00   3.124288e+01
  -2.473533e+00   1.157979e+01
  -4.570888e+01  -3.081304e+01
   1.324390e+01   5.131713e+00
   1.176670e+00   7.420533e+00
  -1.581808e+01  -1.012205e+01
  -1.669758e+01   2.725186e+01
  -1.296270e+00  -4.812492e+01
  -4.230852e+00  -2.331378e+01
   6.647605e+00   1.021293e+01
  -2.124319e+01  -2.043735e+01
   2.389899e+01   1.509419e+01
  -2.621942e+01  -3.599833e+01
   9.779162e+00   9.207431e+00
  -2.760511e+01  -1.809107e+01
  -3.669119e+01   3.981256e+00
   1.560259e+01  -6.122231e+00
   1.696554e+01  -4.350729e+01
   2.136290e+01   1.466526e+01
  -4.085731e+00  -1.108991e+01
   3.305263e+01   5.429204e+00
   2.919993e+01  -3.587203e+00
  -2.799803e+01   1.516246e+01
  -1.123192e+01   3.023153e+01
  -8.638557e+00  -1.378270e+01
   9.651471e+00   2.090390e+01
   3.128604e+01  -1.773651e+01
   1.425812e+00   3.032513e+00
  -7.899689e+00  -1.660446e+01
  -3.944056e+00  -2.319911e+01
   7.633937e+00  -4.896489e+00
   1.702242e+01   3.566530e-01
   1.209025e+01   3.634907e+01
  -4.882711e-01   1.743183e+01
  -2.851588e+01   4.792893e+01
  -3.192856e+01  -3.133688e+00
   2.573125e+01   2.432816e+01
   2.448786e+01  -2.895796e+01
  -2.572304e+01  -1.441976e+01
  -2.401451e+01  -6.446677e+01
  -1.117381e+01  -6.347674e+00
   7.225011e+00   5.302231e+00
  -1.643310e+01   8.783170e+00
  -6.238259e+00  -2.489858e+01
   7.871147e+00  -3.526731e+01
  -4.149840e+01  -3.200550e+01
   1.346647e+01  -6.203599e+00
   8.122022e+00   3.397003e+01
   5.050153e+01   3.668441e+01
  -3.367308e+00  -2.897687e+00
  -1.706992e+01   4.211506e+00
   3.633326e+01   3.182070e+00
   5.611425e+00   1.902466e+01
   2.359123e+01  -4.711984e+00
   3.888693e+01   5.388731e+00
   1.654939e+01   1.033866e+01
   1.552423e+01   3.598276e+01
   2.518469e+01   1.358952e+01
   1.475111e+01  -1.438863e+00
   1.039729e+01   4.491780e+00
  -9.354603e+00   8.044507e+00
  -8.309872e+00   4.426473e+01
   3.039452e+01  -3.208925e+01
   6.326318e+00   5.920856e+00
  -3.379367e+01  -1.052965e+01
  -6.346086e+01  -1.042152e+01
   1.499783e+01  -3.820755e+01
   2.471932e+01  -5.136574e+00
   0.000000e+00   0.000000e+00
   0.000000e+00   0.000000e+00
   0.000000e+00   0.000000e+00
   0.000000e+00   0.000000e+00
   0.000000e+00   0.000000e+00
   0.000000e+00   0.000000e+00
   0.000000e+00   0.000000e+00
   0.000000e+00   0.000000e+00
   0.000000e+00   0.000000e+00
   0.000000e+00   0.000000e+00
   0.000000e+00   0.000000e+00
   0.000000e+00   0.000000e+00
   0.000000e+00   0.000000e+00
   0.000000e+00   0.000000e+00
   0.000000e+00   0.000000e+00
   0.000000e+00   0.000000e+00
   0.000000e+00   0.000000e+00
   0.000000e+00   0.000000e+00
   0.000000e+00   0.000000e+00
   0.000000e+00   0.000000e+00
   0.000000e+00   0.000000e+00
   0.000000e+00   0.000000e+00
   0.000000e+00   0.000000e+00
   0.000000e+00   0.000000e+00
   0.000000e+00   0.000000e+00
   0.000000e+00   0.000000e+00
   0.000000e+00   0.000000e+00
   0.000000e+00   0.000000e+00
   0.000000e+00   0.000000e+00
   0.000000e+00   0.000000e+00
   0.000000e+00   0.000000e+00
   0.000000e+00   0.000000e+00
   0.000000e+00   0.000000e+00
   0.000000e+00   0.000000e+00
   0.000000e+00   0.000000e+00
   0.000000e+00   0.000000e+00
   0.000000e+00   0.000000e+00
   0.000000e+00   0.000000e+00
   0.000000e+00   0.000000e+00
   0.000000e+00   0.000000e+00
   0.000000e+00   0.000000e+00
   0.000000e+00   0.000000e+00
   0.000000e+00   0.000000e+00
   0.000000e+00   0.000000e+00
   0.000000e+00   0.000000e+00
   0.000000e+00   0.000000e+00
   0.000000e+00   0.000000e+00
   0.000000e+00   0.000000e+00
   0.000000e+00   0.000000e+00
   0.000000e+00   0.000000e+00
   0.000000e+00   0.000000e+00
   0.000000e+00   0.000000e+00
   0.000000e+00   0.000000e+00
   0.000000e+00   0.000000e+00
   0.000000e+00   0.000000e+00
   0.000000e+00   0.000000e+00
   0.000000e+00   0.000000e+00
   0.000000e+00   0.000000e+00
   0.000000e+00   0.000000e+00
   0.000000e+00   0.000000e+00
   0.000000e+00   0.000000e+00
   0.000000e+00   0.000000e+00
   0.000000e+00   0.000000e+00
   0.000000e+00   0.000000e+00
   0.000000e+00   0.000000e+00
   0.000000e+00   0.000000e+00
   0.000000e+00   0.000000e+00
   0.000000e+00   0.000000e+00
