 $SEQPAR
 echot= 8.774
 seq= '<Bruker:PRESS>'
 hzpppm= 300.322543
 NumberOfPoints= 2048
 dwellTime= 0.000250
 $END
 $NMID
 bruker=T
 id='ANONYMOUS ', fmtdat='(2E15.6)'
 volume=1.500e+01
 tramp=1.00
 $END
   8.145611e+04  -2.127019e+05
   3.679009e+05  -2.932551e+05
   4.087214e+05  -9.657097e+04
   4.264918e+05  -7.142313e+04
   4.211119e+05  -1.805679e+04
   4.231142e+05  -2.521901e+04
   4.156636e+05   3.696564e+02
   4.161741e+05  -9.425218e+03
   4.108142e+05   3.113993e+03
   4.112597e+05  -1.999790e+03
   4.077893e+05   5.940497e+03
   4.087596e+05  -1.806862e+03
   4.028808e+05   7.795820e+03
   4.011472e+05   3.022389e+03
   3.981497e+05   6.674894e+03
   3.987412e+05   3.519576e+03
   3.957580e+05   9.523002e+03
   3.927372e+05   1.928050e+03
   3.897783e+05   5.771891e+03
   3.876543e+05   6.552688e+03
   3.855729e+05   8.140890e+03
   3.844418e+05   1.803065e+03
   3.808702e+05   7.384371e+03
   3.784614e+05   6.046398e+03
   3.765022e+05   6.563780e+03
   3.759729e+05   4.979412e+03
   3.717623e+05   7.357268e+03
   3.693683e+05   3.025162e+03
   3.676137e+05   4.724945e+03
   3.654641e+05   3.762383e+03
   3.629511e+05   4.415766e+03
   3.625002e+05   2.637268e+03
   3.605391e+05   3.899154e+03
   3.573112e+05   2.394660e+03
   3.547235e+05   3.573992e+03
   3.527424e+05   4.644849e+03
   3.511636e+05   1.522495e+03
   3.497609e+05   7.481110e+02
   3.467051e+05   1.969953e+03
   3.454018e+05   9.464541e+02
   3.429596e+05   8.637984e+02
   3.397713e+05  -2.698413e+02
   3.384387e+05  -4.495011e+02
   3.346880e+05  -7.336815e+02
   3.338089e+05  -1.583737e+02
   3.328520e+05  -1.041446e+03
   3.315217e+05  -1.133713e+02
   3.283183e+05  -1.212324e+03
   3.262589e+05  -4.037580e+02
   3.244501e+05  -2.069192e+02
   3.213722e+05  -8.669226e+02
   3.197284e+05   1.167025e+02
   3.176542e+05  -3.080271e+02
   3.158887e+05  -8.181535e+02
   3.138524e+05  -7.619911e+02
   3.121814e+05   3.250709e+02
   3.117844e+05   4.958567e+02
   3.081383e+05   1.970262e+02
   3.062518e+05  -5.056451e+02
   3.036965e+05   9.158798e+02
   3.013969e+05   6.106043e+02
   3.004339e+05   1.087985e+03
   2.977431e+05   4.837754e+02
   2.962375e+05   1.669976e+03
   2.933231e+05   1.339722e+03
   2.935397e+05   2.555319e+03
   2.898562e+05   1.120813e+03
   2.888597e+05   7.922219e+02
   2.872003e+05   2.193820e+03
   2.835569e+05   2.978638e+03
   2.838959e+05   3.303405e+03
   2.805753e+05   1.322893e+03
   2.801802e+05   2.236143e+03
   2.786703e+05   1.801258e+03
   2.773484e+05   2.311584e+03
   2.749322e+05   9.370711e+02
   2.732081e+05   1.741105e+03
   2.704567e+05   1.307420e+03
   2.686071e+05   1.305279e+03
   2.670849e+05   1.937164e+03
   2.661392e+05   3.308482e+03
   2.648985e+05   3.604969e+03
   2.627887e+05   3.237323e+03
   2.600860e+05   3.938024e+03
   2.579735e+05   3.885319e+03
   2.571129e+05   3.868677e+03
   2.556821e+05   4.886850e+03
   2.540635e+05   5.161445e+03
   2.526130e+05   5.464933e+03
   2.504652e+05   5.019903e+03
   2.498510e+05   5.366817e+03
   2.467895e+05   5.774857e+03
   2.463033e+05   4.857600e+03
   2.438215e+05   5.182861e+03
   2.420980e+05   5.275846e+03
   2.409664e+05   5.783884e+03
   2.394452e+05   5.824873e+03
   2.374373e+05   6.336792e+03
   2.355918e+05   7.103128e+03
   2.348824e+05   6.182109e+03
   2.325503e+05   6.137679e+03
   2.309586e+05   5.522244e+03
   2.308396e+05   5.398850e+03
   2.282367e+05   6.330720e+03
   2.269261e+05   7.555584e+03
   2.267591e+05   6.778898e+03
   2.245444e+05   6.278486e+03
   2.230404e+05   6.410693e+03
   2.209419e+05   6.058817e+03
   2.196909e+05   5.711839e+03
   2.176225e+05   5.161218e+03
   2.167413e+05   6.399349e+03
   2.157097e+05   6.204917e+03
   2.146082e+05   6.874055e+03
   2.132773e+05   6.348546e+03
   2.112307e+05   5.542857e+03
   2.097125e+05   6.559211e+03
   2.075192e+05   7.165465e+03
   2.070316e+05   7.102005e+03
   2.056563e+05   7.202674e+03
   2.043776e+05   6.695041e+03
   2.036930e+05   7.666846e+03
   2.011976e+05   8.054447e+03
   1.997585e+05   8.278841e+03
   1.979694e+05   7.722455e+03
   1.974395e+05   7.489879e+03
   1.958743e+05   8.038531e+03
   1.939861e+05   8.247433e+03
   1.925742e+05   7.965802e+03
   1.921428e+05   8.294553e+03
   1.907177e+05   6.966969e+03
   1.897335e+05   8.576524e+03
   1.891771e+05   7.783821e+03
   1.867376e+05   7.271463e+03
   1.862934e+05   6.789914e+03
   1.843030e+05   7.243795e+03
   1.839125e+05   7.578176e+03
   1.825297e+05   7.560745e+03
   1.800998e+05   8.024178e+03
   1.782541e+05   7.401927e+03
   1.790964e+05   7.232721e+03
   1.775770e+05   7.671631e+03
   1.759498e+05   7.120739e+03
   1.753785e+05   7.455098e+03
   1.734130e+05   7.985472e+03
   1.726398e+05   7.061077e+03
   1.714119e+05   7.000364e+03
   1.701140e+05   6.817462e+03
   1.681317e+05   7.966302e+03
   1.674462e+05   8.111195e+03
   1.661432e+05   7.466980e+03
   1.653244e+05   7.841623e+03
   1.635711e+05   8.314807e+03
   1.623716e+05   7.974176e+03
   1.622925e+05   8.023037e+03
   1.615594e+05   8.681225e+03
   1.596502e+05   7.715905e+03
   1.585066e+05   8.529469e+03
   1.586797e+05   9.144813e+03
   1.571554e+05   8.419725e+03
   1.548822e+05   9.378601e+03
   1.551559e+05   8.730159e+03
   1.536725e+05   9.156535e+03
   1.523819e+05   8.682749e+03
   1.521510e+05   8.418966e+03
   1.504595e+05   8.797153e+03
   1.485253e+05   7.566786e+03
   1.475299e+05   6.441683e+03
   1.477982e+05   8.832855e+03
   1.458190e+05   9.513592e+03
   1.452524e+05   9.790384e+03
   1.445114e+05   6.657248e+03
   1.418015e+05   7.613632e+03
   1.421184e+05   8.483079e+03
   1.421876e+05   6.797034e+03
   1.403709e+05   7.387637e+03
   1.384771e+05   7.869334e+03
   1.388678e+05   7.564642e+03
   1.375312e+05   7.285862e+03
   1.358157e+05   6.970493e+03
   1.357272e+05   8.376046e+03
   1.351511e+05   7.300422e+03
   1.335038e+05   7.438902e+03
   1.331616e+05   8.488769e+03
   1.318821e+05   8.591508e+03
   1.311175e+05   8.305828e+03
   1.294357e+05   8.033671e+03
   1.302146e+05   8.712328e+03
   1.287178e+05   8.561862e+03
   1.275688e+05   8.004774e+03
   1.265936e+05   8.963190e+03
   1.254767e+05   8.269637e+03
   1.250542e+05   8.034670e+03
   1.240624e+05   8.864640e+03
   1.231803e+05   8.149234e+03
   1.233112e+05   8.143119e+03
   1.220609e+05   7.357732e+03
   1.206095e+05   8.424509e+03
   1.203661e+05   9.204067e+03
   1.197006e+05   7.747759e+03
   1.186929e+05   8.640336e+03
   1.154040e+05   8.784833e+03
   1.162178e+05   7.891910e+03
   1.155691e+05   7.968079e+03
   1.141750e+05   7.725978e+03
   1.138441e+05   8.542142e+03
   1.137908e+05   7.358624e+03
   1.124908e+05   7.999099e+03
   1.112518e+05   8.543844e+03
   1.110259e+05   8.279834e+03
   1.112506e+05   8.468730e+03
   1.094989e+05   8.282648e+03
   1.085947e+05   7.862520e+03
   1.074306e+05   8.176168e+03
   1.074410e+05   8.374772e+03
   1.069461e+05   8.607265e+03
   1.058828e+05   8.083544e+03
   1.051603e+05   8.505115e+03
   1.042995e+05   7.998145e+03
   1.033198e+05   8.349455e+03
   1.030727e+05   7.671306e+03
   1.019909e+05   8.733519e+03
   1.017391e+05   7.827369e+03
   1.002844e+05   8.538654e+03
   9.961235e+04   8.491848e+03
   9.961309e+04   8.528960e+03
   9.822164e+04   7.619939e+03
   9.828986e+04   7.274119e+03
   9.712143e+04   7.956791e+03
   9.711053e+04   6.809205e+03
   9.663059e+04   7.917361e+03
   9.447607e+04   8.554478e+03
   9.498195e+04   7.221769e+03
   9.128570e+04   8.000331e+03
   9.284578e+04   7.574031e+03
   9.249292e+04   8.079852e+03
   9.235457e+04   6.486106e+03
   9.034768e+04   7.057529e+03
   9.015048e+04   7.905859e+03
   8.994345e+04   7.512247e+03
   8.922882e+04   7.904833e+03
   8.904567e+04   7.350415e+03
   8.775375e+04   7.970631e+03
   8.754601e+04   6.957629e+03
   8.697613e+04   6.508362e+03
   8.627708e+04   7.321795e+03
   8.567634e+04   7.456121e+03
   8.516713e+04   6.495954e+03
   8.332029e+04   7.048926e+03
   8.267572e+04   7.491817e+03
   8.358121e+04   6.838259e+03
   8.273466e+04   6.873079e+03
   8.211424e+04   6.439594e+03
   8.070034e+04   6.179825e+03
   8.094028e+04   6.473225e+03
   8.055669e+04   6.931316e+03
   7.985666e+04   7.798036e+03
   7.936127e+04   7.486820e+03
   7.912576e+04   7.284907e+03
   7.762654e+04   6.073425e+03
   7.779226e+04   6.193649e+03
   7.820089e+04   6.305574e+03
   7.666370e+04   6.471614e+03
   7.658783e+04   5.679118e+03
   7.606171e+04   6.705308e+03
   7.391865e+04   6.083546e+03
   7.526582e+04   7.119722e+03
   7.481077e+04   5.542062e+03
   7.395494e+04   6.213017e+03
   7.348917e+04   6.970839e+03
   7.110206e+04   6.532855e+03
   7.119714e+04   5.631213e+03
   7.149119e+04   6.390874e+03
   7.092284e+04   5.242813e+03
   6.989473e+04   6.069560e+03
   6.963234e+04   4.886659e+03
   6.983897e+04   6.066088e+03
   6.942768e+04   5.083902e+03
   6.930146e+04   6.015223e+03
   6.906861e+04   5.836227e+03
   6.747729e+04   5.365779e+03
   6.612542e+04   6.127189e+03
   6.637821e+04   6.556698e+03
   6.641212e+04   5.359389e+03
   6.543399e+04   5.658603e+03
   6.459170e+04   5.843121e+03
   6.442130e+04   4.503063e+03
   6.494978e+04   5.763555e+03
   6.363021e+04   5.740868e+03
   6.331760e+04   4.746561e+03
   6.306526e+04   5.267009e+03
   6.269462e+04   5.458114e+03
   6.182650e+04   5.616602e+03
   6.169083e+04   5.064726e+03
   6.202152e+04   5.423193e+03
   6.036096e+04   5.129883e+03
   6.019334e+04   5.047545e+03
   6.189216e+04   4.597329e+03
   6.116358e+04   4.700505e+03
   5.872813e+04   5.380529e+03
   5.933629e+04   5.337206e+03
   5.787036e+04   3.882853e+03
   5.786848e+04   4.651909e+03
   5.727402e+04   6.241634e+03
   5.768748e+04   3.116069e+03
   5.704572e+04   3.976281e+03
   5.700619e+04   4.245389e+03
   5.578496e+04   4.219412e+03
   5.617387e+04   4.386656e+03
   5.459371e+04   4.016633e+03
   5.575709e+04   4.499222e+03
   5.450262e+04   4.457793e+03
   5.343900e+04   4.943566e+03
   5.327615e+04   4.314513e+03
   5.236666e+04   5.177707e+03
   5.352422e+04   4.287473e+03
   5.218481e+04   4.182743e+03
   5.227353e+04   4.626568e+03
   5.226991e+04   4.340157e+03
   5.139264e+04   4.812976e+03
   5.101665e+04   4.359775e+03
   5.134590e+04   3.911584e+03
   4.986553e+04   4.630934e+03
   5.066066e+04   5.061130e+03
   5.054580e+04   3.966613e+03
   4.921001e+04   4.335036e+03
   4.913897e+04   4.225198e+03
   4.852639e+04   4.608740e+03
   4.836783e+04   4.300418e+03
   4.804961e+04   4.167101e+03
   4.766847e+04   4.337176e+03
   4.759487e+04   3.371826e+03
   4.605542e+04   5.667807e+03
   4.599487e+04   4.047523e+03
   4.628363e+04   4.344933e+03
   4.618450e+04   4.189728e+03
   4.555125e+04   3.684877e+03
   4.494518e+04   4.392744e+03
   4.463190e+04   4.981232e+03
   4.450436e+04   4.233790e+03
   4.422410e+04   3.173795e+03
   4.445595e+04   3.501007e+03
   4.383412e+04   4.447980e+03
   4.381542e+04   3.294047e+03
   4.368104e+04   3.990773e+03
   4.285493e+04   3.064344e+03
   4.306417e+04   3.130091e+03
   4.170300e+04   3.645197e+03
   4.186377e+04   3.760981e+03
   4.275865e+04   3.128071e+03
   4.099956e+04   3.134857e+03
   4.032505e+04   3.482610e+03
   4.116850e+04   3.932926e+03
   4.010817e+04   3.999342e+03
   4.016132e+04   3.538670e+03
   4.037633e+04   4.086971e+03
   4.052995e+04   3.196449e+03
   3.933006e+04   3.718490e+03
   3.934636e+04   4.062858e+03
   3.932952e+04   3.677701e+03
   3.818845e+04   3.997498e+03
   3.894424e+04   3.497710e+03
   3.789909e+04   4.015458e+03
   3.820791e+04   3.537342e+03
   3.723657e+04   4.451693e+03
   3.749286e+04   3.819092e+03
   3.752315e+04   2.832053e+03
   3.646424e+04   2.544617e+03
   3.684682e+04   2.675185e+03
   3.625133e+04   3.928851e+03
   3.686211e+04   2.678992e+03
   3.649751e+04   2.561268e+03
   3.633604e+04   2.618162e+03
   3.566157e+04   3.468222e+03
   3.574720e+04   2.585848e+03
   3.464583e+04   2.560312e+03
   3.392735e+04   3.097760e+03
   3.476493e+04   3.414566e+03
   3.384940e+04   3.104178e+03
   3.418846e+04   2.865999e+03
   3.334466e+04   2.267831e+03
   3.283598e+04   2.617784e+03
   3.327151e+04   2.530955e+03
   3.244306e+04   3.574230e+03
   3.235865e+04   2.657523e+03
   3.277496e+04   2.555428e+03
   3.195141e+04   2.241345e+03
   3.236595e+04   2.772764e+03
   3.105724e+04   3.721072e+03
   3.085997e+04   2.993305e+03
   3.187710e+04   3.868874e+03
   3.101767e+04   3.147726e+03
   3.077302e+04   2.089359e+03
   3.099709e+04   3.372346e+03
   3.024779e+04   3.803078e+03
   2.985920e+04   3.483002e+03
   2.880107e+04   2.807591e+03
   2.969140e+04   1.509382e+03
   2.882751e+04   2.365915e+03
   2.999152e+04   6.126929e+02
   2.947370e+04   3.600312e+03
   2.915083e+04   3.733716e+03
   2.928156e+04   3.041943e+03
   2.850102e+04   3.943916e+03
   2.882362e+04   2.043904e+03
   2.793601e+04   1.957052e+03
   2.738761e+04   2.270025e+03
   2.871723e+04   2.081133e+03
   2.807627e+04   2.517418e+03
   2.769929e+04   2.178701e+03
   2.697789e+04   2.301373e+03
   2.711268e+04   1.099271e+03
   2.634780e+04   2.821134e+03
   2.688565e+04   2.962215e+03
   2.606687e+04   1.972283e+03
   2.604805e+04   2.023422e+03
   2.433685e+04   2.201239e+03
   2.612710e+04   2.465449e+03
   2.597395e+04   1.519432e+03
   2.626125e+04   2.379843e+03
   2.524055e+04   2.390815e+03
   2.444426e+04   2.897340e+03
   2.493431e+04   1.805308e+03
   2.416813e+04   2.619470e+03
   2.469556e+04   2.133089e+03
   2.491286e+04   1.975931e+03
   2.403659e+04   2.615185e+03
   2.468313e+04   2.083471e+03
   2.375122e+04   1.463438e+03
   2.414308e+04   1.595006e+03
   2.367119e+04   9.420782e+02
   2.260732e+04   1.562754e+03
   2.218021e+04   1.849474e+03
   2.310187e+04   2.536099e+03
   2.174408e+04   2.618166e+03
   2.220659e+04   2.171999e+03
   2.332632e+04   1.745521e+03
   2.236946e+04   1.843491e+03
   2.287924e+04   2.341001e+03
   2.297341e+04   2.013092e+03
   2.184483e+04   2.114784e+03
   2.130574e+04   1.288208e+03
   2.153567e+04   1.910599e+03
   2.230695e+04   1.102773e+03
   2.126325e+04   1.856947e+03
   2.193636e+04   9.588792e+02
   2.113483e+04   1.972439e+03
   2.037400e+04   2.507725e+03
   2.062865e+04   1.828399e+03
   2.104013e+04   1.857687e+03
   2.052843e+04   1.739336e+03
   2.099587e+04   1.003721e+03
   2.044481e+04   8.714960e+02
   2.017231e+04   1.739175e+03
   2.018573e+04   1.753496e+03
   2.040823e+04   1.457455e+03
   2.006335e+04   1.247615e+03
   1.955831e+04   1.639434e+03
   1.901577e+04   1.387416e+03
   1.925966e+04   1.381052e+03
   1.930641e+04   1.631974e+03
   1.849292e+04   7.852518e+02
   1.806027e+04   2.501362e+03
   1.891609e+04   1.422314e+03
   1.822732e+04   1.298546e+03
   1.857125e+04   4.273530e+02
   1.846073e+04   1.918422e+03
   1.789569e+04   3.084850e+02
   1.909227e+04   1.191276e+03
   1.885850e+04   2.558358e+03
   1.797091e+04   1.281305e+03
   1.722499e+04   2.171023e+02
   1.687266e+04   1.278251e+02
   1.776736e+04   1.929751e+03
   1.665748e+04   1.030166e+03
   1.794262e+04   1.664452e+03
   1.817277e+04   4.439732e+02
   1.734331e+04   1.555072e+02
   1.694386e+04   5.327742e+02
   1.707665e+04   1.373453e+03
   1.601134e+04   1.049756e+03
   1.694049e+04   4.740726e+02
   1.594621e+04   1.775190e+03
   1.614680e+04   1.968317e+03
   1.627509e+04   1.223472e+03
   1.649755e+04   4.993095e+01
   1.611787e+04   1.580989e+03
   1.621115e+04   1.414884e+02
   1.646225e+04   1.393634e+03
   1.601883e+04   9.189125e+02
   1.570580e+04   9.471330e+02
   1.486330e+04   1.174208e+03
   1.572953e+04   1.242621e+03
   1.563024e+04   3.952362e+02
   1.558910e+04  -1.964620e+02
   1.406333e+04   5.134214e+02
   1.555481e+04   1.022926e+03
   1.427153e+04   4.728187e+02
   1.403120e+04   3.931829e+02
   1.476420e+04  -3.872048e+02
   1.490280e+04   8.002626e+02
   1.579628e+04   3.096470e+02
   1.343376e+04   1.362346e+03
   1.436952e+04   3.886174e+02
   1.455329e+04   6.722889e+02
   1.451757e+04   8.500857e+02
   1.357398e+04   4.338601e+02
   1.342066e+04   1.008872e+03
   1.440513e+04   3.575198e+02
   1.382697e+04   4.243502e+02
   1.298102e+04   8.748624e+02
   1.305188e+04   7.440283e+02
   1.235383e+04  -6.534820e+01
   1.281949e+04  -2.167018e+02
   1.315068e+04   2.766137e+02
   1.312875e+04   1.298160e+02
   1.319097e+04   5.083122e+02
   1.319155e+04   1.043179e+03
   1.311065e+04   1.510406e+03
   1.302276e+04   3.479585e+02
   1.277615e+04   5.205888e+02
   1.233834e+04   1.320757e+03
   1.315751e+04   8.028061e+02
   1.274698e+04   1.041345e+03
   1.198612e+04   1.091858e+03
   1.185218e+04   1.049820e+03
   1.232280e+04  -1.274832e+02
   1.143226e+04   5.069170e+02
   1.295479e+04   6.693880e+02
   1.233676e+04   1.967011e+03
   1.282204e+04   4.234391e+02
   1.150171e+04  -3.814119e+02
   1.071662e+04  -3.777463e+02
   1.095215e+04  -3.900086e+02
   1.231566e+04   1.148388e+03
   1.126450e+04   2.105441e+02
   1.110906e+04   9.016662e+02
   1.069128e+04   1.774603e+03
   1.251276e+04   8.860986e+02
   1.113892e+04   7.911091e+02
   1.099958e+04  -4.137833e+02
   1.107424e+04   5.109321e+02
   1.075632e+04   6.174418e+02
   1.023500e+04   6.107543e+01
   1.093117e+04  -7.050222e+01
   1.059896e+04  -4.775167e+02
   1.038475e+04   1.351381e+02
   1.101469e+04   2.721292e+02
   9.804458e+03   1.526920e+02
   1.005901e+04   4.782789e+02
   9.666316e+03   3.284832e+02
   1.098553e+04   8.018174e+01
   9.951630e+03  -9.886594e+01
   1.012963e+04   3.507105e+02
   1.031008e+04  -5.434798e-01
   9.406891e+03   2.432511e+02
   9.866911e+03   3.567727e+02
   9.793763e+03   9.557237e+02
   9.345825e+03   3.525721e+02
   9.147995e+03   5.576532e+01
   9.810828e+03   6.790691e+02
   8.755704e+03   3.804974e+00
   9.047883e+03   5.692570e+01
   1.009355e+04   5.880915e+02
   1.011329e+04  -1.274077e+02
   9.626575e+03  -1.281870e+03
   9.168705e+03  -2.264298e+02
   9.411865e+03   7.803030e+02
   8.409232e+03  -1.305112e+03
   7.451152e+03   2.327599e+02
   7.116859e+03   3.324532e+02
   8.565050e+03  -8.695147e+02
   9.469336e+03  -2.009874e+02
   8.339114e+03  -7.821338e+02
   8.600417e+03  -8.263068e+01
   8.368339e+03  -2.546292e+02
   9.193467e+03  -4.373245e+02
   9.162690e+03  -3.462283e+02
   7.650555e+03  -4.155176e+01
   7.739547e+03  -1.173835e+02
   8.490489e+03   6.854409e+02
   8.371770e+03   3.571538e+02
   8.787951e+03   7.563060e+00
   7.785179e+03  -3.803650e+02
   8.449623e+03  -6.022452e+02
   8.184942e+03   3.805208e+02
   8.003606e+03   1.321357e+02
   9.270536e+03  -4.454130e+02
   8.477217e+03  -7.522762e+02
   7.420062e+03  -4.462789e+02
   8.156848e+03   5.065776e+01
   7.319592e+03   3.905603e+02
   7.708352e+03  -6.307401e+02
   7.579192e+03  -1.134366e+02
   7.212176e+03   2.233345e+02
   7.736130e+03  -3.438372e+02
   7.654621e+03  -5.077121e+02
   7.349270e+03  -8.771355e+02
   8.537794e+03   2.809751e+02
   7.347027e+03   8.110531e+02
   7.067742e+03  -5.986971e+01
   7.791651e+03  -9.649945e+02
   6.127336e+03  -1.255948e+02
   7.478034e+03  -8.536962e+02
   7.790639e+03  -8.681238e+02
   6.286561e+03  -3.409449e+02
   6.754765e+03  -3.381279e+02
   7.206845e+03  -1.432644e+02
   7.024902e+03   1.259702e+02
   6.825724e+03  -2.490744e+01
   5.713669e+03   4.030071e+02
   7.391678e+03   3.823258e+02
   6.493733e+03   1.808966e+02
   6.720310e+03   9.646473e+02
   7.843643e+03  -2.341009e+02
   6.332256e+03  -8.484021e+01
   7.107047e+03   4.233023e+02
   6.630453e+03   3.884565e+02
   5.600793e+03   8.679605e+02
   6.592708e+03  -2.345562e+02
   6.219877e+03   4.788721e+02
   6.346543e+03  -2.719929e+02
   6.625919e+03  -4.396781e+02
   5.738892e+03   1.444842e+02
   6.521396e+03  -3.517437e+02
   5.287517e+03   9.873262e+00
   5.565909e+03  -4.819380e+02
   4.972343e+03  -1.509036e+02
   6.051471e+03  -6.888618e+02
   4.696982e+03  -5.417601e+02
   5.767014e+03  -1.712054e+01
   6.607712e+03  -5.427626e+02
   4.967178e+03   4.577305e+02
   4.870844e+03  -4.662398e+02
   4.332615e+03   2.866535e+01
   4.709803e+03   4.302013e+02
   4.957805e+03   7.100600e+02
   5.912817e+03  -6.606402e+02
   4.040540e+03  -9.650264e+01
   5.158159e+03   4.731798e+02
   5.111434e+03  -7.854279e+01
   5.780866e+03  -2.695895e+02
   5.785875e+03  -3.532000e+02
   5.276876e+03  -9.362828e+02
   5.694174e+03  -2.423362e+02
   5.266528e+03   4.486728e+02
   5.121097e+03  -2.902807e+02
   5.246833e+03  -2.717586e+02
   5.161316e+03  -7.139515e+02
   4.395094e+03  -1.310525e+02
   5.113378e+03   2.133952e+02
   5.026457e+03   4.160558e+02
   4.949311e+03  -1.901688e+02
   4.851721e+03   2.025045e+02
   5.379252e+03   4.899988e+02
   4.877364e+03   3.205166e+02
   4.658024e+03   6.019315e+02
   6.103764e+03  -4.336373e+00
   4.599416e+03  -1.756296e+02
   5.884566e+03   4.730993e+02
   4.515408e+03  -2.558352e+02
   5.593549e+03   1.088093e+02
   5.222230e+03  -2.588322e+02
   4.389627e+03  -8.364826e+02
   4.743328e+03   6.435836e+02
   4.715360e+03   3.543971e+02
   4.421767e+03   2.974259e+02
   5.902419e+03  -2.372603e+02
   5.029127e+03   4.382642e+01
   4.342252e+03  -5.137816e+02
   4.074757e+03  -1.716013e+02
   4.124761e+03  -1.024088e+03
   4.662999e+03  -1.948290e+01
   3.947258e+03   1.154260e+03
   3.795700e+03  -3.118184e+02
   4.599730e+03  -5.263171e+01
   4.676260e+03  -2.599251e+02
   4.770279e+03  -3.469618e+02
   3.762945e+03  -4.126855e+02
   4.198610e+03  -1.921197e+02
   4.801754e+03  -5.836724e+01
   4.397462e+03  -6.499898e+02
   3.358143e+03   4.136126e+02
   4.562469e+03  -3.083858e+02
   3.940581e+03  -7.787178e+02
   4.321877e+03  -2.009679e+02
   3.848401e+03  -1.386600e+01
   4.656601e+03  -3.374539e+02
   3.425212e+03  -1.215819e+02
   4.087675e+03  -1.010166e+03
   4.370993e+03   3.343211e+02
   3.593516e+03   1.576561e+02
   3.692853e+03   2.310115e+02
   4.011377e+03   1.016303e+03
   3.431522e+03  -4.962228e+01
   3.897882e+03  -7.936605e+01
   4.127915e+03   4.722839e+02
   3.913788e+03  -5.997495e+02
   4.175960e+03   3.632545e+02
   4.870719e+03   2.896901e+02
   4.230508e+03   5.906376e+01
   2.600585e+03  -9.032965e+01
   3.747340e+03  -8.328094e+02
   3.528480e+03   2.676407e+02
   5.210169e+03   1.984317e+02
   3.936541e+03  -9.278400e+02
   3.994320e+03  -9.629617e+02
   4.037093e+03   3.428282e+02
   4.226579e+03   2.498904e+01
   2.922458e+03  -2.018886e+02
   3.343966e+03  -4.383429e+02
   3.689344e+03  -7.463007e+02
   3.706662e+03   4.244220e+02
   3.746846e+03   5.750774e+02
   3.817369e+03   9.846141e+00
   3.391581e+03  -2.578347e+02
   1.846216e+03   6.707474e+01
   4.114868e+03   6.061702e+02
   2.777418e+03   2.322427e+02
   2.717050e+03   4.577761e+02
   3.104126e+03  -3.767849e+01
   2.566808e+03   2.435803e+01
   3.205590e+03  -2.158721e+02
   2.729781e+03  -8.341225e+02
   2.755701e+03  -3.216932e+02
   3.183821e+03   2.782280e+02
   2.268722e+03  -3.132709e+01
   2.411957e+03  -6.288143e+01
   3.340746e+03   2.346229e+02
   3.891362e+03  -1.014123e+03
   3.753209e+03  -5.874307e+02
   2.373329e+03   8.854164e+01
   2.173165e+03  -1.552546e+03
   2.938484e+03  -4.219660e+02
   2.977965e+03  -1.656500e+01
   2.627284e+03   4.407740e+02
   3.549090e+03  -8.700918e+02
   3.121639e+03   6.891712e+02
   3.712621e+03   8.172844e+02
   2.665094e+03   2.757908e+02
   3.457324e+03  -2.223934e+02
   2.894749e+03  -5.416714e+02
   2.362131e+03   3.735287e+02
   3.298782e+03  -4.633557e+02
   3.178842e+03   1.380928e+01
   3.549226e+03  -1.294486e+02
   2.998821e+03   8.000581e+01
   3.256132e+03  -1.712804e+02
   3.359010e+03   1.955931e+02
   2.723073e+03   3.344247e+01
   2.688676e+03  -9.462495e+02
   2.176679e+03  -4.004062e+02
   2.312842e+03   1.165661e+02
   2.388920e+03   4.807446e+02
   3.095591e+03   6.217118e+01
   1.598785e+03  -4.641289e+02
   3.127840e+03   7.984317e+02
   3.710349e+03  -1.839521e+02
   2.947531e+03   3.374523e+02
   2.733070e+03  -7.921325e+02
   2.225126e+03  -2.064908e+02
   6.882270e+02  -7.397193e+02
   2.067728e+03   1.108467e+03
   2.843489e+03   3.282392e+02
   1.663217e+03   6.767076e+02
   1.789686e+03  -4.036764e+02
   1.447208e+03   4.796485e+02
   9.889720e+02   2.892619e+02
   1.051998e+03   1.237209e+03
   1.625868e+03  -9.037454e+02
   1.470171e+03  -9.905889e+02
   3.663540e+03   5.246913e+02
   2.241789e+03   3.492867e+02
   2.743213e+03   4.239899e+02
   2.277730e+03  -4.171948e+02
   2.161896e+03   1.888027e+02
   1.848207e+03   1.045406e+03
   1.923273e+03   3.320305e+02
   2.144810e+03  -2.834269e+02
   2.220595e+03   4.906073e+02
   2.413718e+03  -2.125844e+02
   1.331208e+03  -6.115826e+02
   1.527337e+03   4.101725e+02
   1.334290e+03  -1.341891e+02
   1.643199e+03  -5.072955e+02
   2.062405e+03  -3.149683e+02
   2.804062e+03  -2.522420e+02
   1.527326e+03   1.872230e+02
   1.768964e+03   8.907708e+01
   1.658371e+03  -2.850361e+02
   1.664462e+03   5.370920e+02
   2.582835e+03  -5.504661e+02
   1.286288e+03  -3.570488e+02
   2.390838e+03   3.898929e+02
   1.325282e+03  -5.204598e+02
   2.041186e+03  -9.883728e+01
   2.661181e+03   1.934719e+02
   2.986414e+03  -1.497589e+03
   1.992004e+03   7.143741e+02
   1.771481e+03  -7.120002e+02
   3.170789e+03  -2.595958e+02
   1.638060e+03   3.024048e+02
   2.222727e+03   6.544734e+02
   2.045059e+03   5.673205e+02
   6.028532e+02  -1.537661e+02
   1.965386e+03  -3.703361e+02
   1.217383e+03  -1.640495e+02
   1.451141e+03   4.522605e+02
   1.477909e+03  -1.101736e+02
   2.556376e+03   3.033832e+02
   1.865746e+03  -4.693512e+02
   1.786657e+03  -4.583644e+02
   1.822364e+03   5.653081e+02
   1.597661e+03   2.104566e+01
   1.923531e+03  -1.181125e+02
   1.459155e+03   2.478111e+02
   2.290249e+03  -3.046635e+02
   2.023560e+03  -4.152764e+02
   1.597925e+03  -3.165447e+02
   1.447695e+03   3.076430e+02
   1.474852e+03   1.455197e+02
   1.394832e+03   9.652458e+00
   2.257623e+03  -3.248775e+02
   1.535303e+03  -2.289621e+02
   1.825173e+03  -4.405645e+02
   1.731959e+03  -2.595021e+02
   1.922176e+03  -1.609068e+02
   1.801167e+03  -4.971209e+02
   2.549381e+03   1.695722e+02
   1.883878e+03  -8.262719e+02
   1.240008e+03   1.227643e+03
   9.105229e+02   7.885486e+02
   2.108989e+03  -6.950655e+02
   9.464600e+02  -6.479494e+02
   2.035806e+03  -1.125906e+03
   2.716219e+03  -1.362919e+02
   1.897515e+03  -1.813217e+02
   5.539746e+02   5.846136e+02
   1.618822e+03   5.307710e+02
   1.649526e+03   1.186269e+02
   1.102546e+03  -2.499913e+01
   1.741063e+03   1.162201e+03
   9.220037e+02   2.937588e+02
   1.643316e+03  -3.401314e+02
   1.706905e+03   3.977134e+02
   8.850860e+02   1.210571e+02
   1.974861e+03   9.975316e+02
   1.100729e+03  -1.368255e+02
   1.240000e+03  -4.253197e+02
   8.105359e+02   7.182065e+02
   2.667556e+03  -6.161178e+02
   9.573567e+02   1.673833e+02
   1.138262e+03  -9.425941e+02
   7.934242e+02   1.909557e+02
   1.590816e+03   2.529234e+02
   9.163173e+02  -1.422059e+02
   1.686072e+03   1.157769e+02
   2.124153e+03  -2.881662e+02
   8.877577e+02   2.405291e+02
   8.754727e+02  -2.265668e+02
   5.440710e+02   1.999482e+01
   1.404692e+03   1.375407e+02
   3.295423e+02  -1.952329e+02
   1.736931e+03  -2.729632e+02
   4.018197e+02  -1.685168e+02
   9.472949e+02  -9.849581e+01
   1.819463e+03  -1.892807e+02
   2.602760e+03  -9.906423e+02
   9.716681e+02   2.762881e+02
   1.631512e+03   6.649522e+02
   2.573107e+03  -6.801722e+01
   2.190278e+03   1.551255e+02
   1.054996e+03  -9.187883e+02
   1.135320e+03   1.919872e+02
   9.468679e+02  -7.207762e+02
   1.752903e+03   9.839593e+02
   1.066936e+03  -6.100195e+02
   9.948734e+02   5.371284e+02
   8.401269e+02  -2.618181e+02
   4.806587e+02   3.956415e+02
  -2.872117e+02  -1.851551e+02
   9.534643e+02  -4.877723e+02
   1.627354e+03   5.956992e+02
   1.613752e+03   4.414527e+02
   9.325851e+02   3.038932e+02
   1.845187e+03  -1.308990e+02
   1.017024e+03  -3.583173e+02
   6.822350e+02   4.166599e+02
   1.947784e+03  -5.226768e+02
   1.498835e+03  -4.637475e+01
   1.969837e+03  -1.248242e+02
   8.127353e+02  -1.114956e+02
   1.076996e+03  -3.342375e+02
   1.508035e+03   1.169307e+02
   8.419542e+02   1.017457e+03
   1.195491e+03  -5.151032e+02
   7.223864e+02  -2.542890e+02
   6.150065e+02   8.836922e+02
   9.184455e+02  -7.347635e+01
   8.594432e+02   1.910455e+02
   2.334272e+02   7.968712e+02
   1.137256e+03   3.529662e+02
   1.281199e+03   6.531239e+01
   1.443374e+03   5.082689e+02
   1.841913e+03   1.095430e+02
   4.026415e+02   6.227783e+02
   1.163256e+03   2.678919e+02
   6.613281e+02   3.080115e+02
   1.132258e+03  -3.545444e+02
   1.405069e+03  -2.001334e+02
   1.268518e+03  -6.226199e+02
   1.050068e+03  -5.673646e+02
   9.208174e+02  -3.655471e+01
   1.583296e+03  -8.657027e+01
   8.229161e+02  -5.217031e+02
   6.546155e+02  -4.089395e+02
   1.121792e+03  -1.523919e+02
   1.023973e+03  -3.440948e+02
   1.518613e+03  -1.982105e+02
   1.061453e+03   2.130393e+02
   1.142209e+03  -7.161441e+02
   1.166889e+03  -4.070316e+02
   4.948946e+02  -1.172704e+02
   5.593833e+02   1.531415e+02
   3.926979e+02  -3.713130e+02
   1.147799e+03  -6.067377e+02
   6.909236e+02   2.727391e+02
   1.031472e+03  -5.396633e+02
   9.137232e+02   1.088990e+02
   1.350458e+03  -6.746794e+02
  -6.368845e+02   6.812306e+02
   1.055476e+03  -8.190230e+01
   2.545425e+03   6.142770e+02
   1.399698e+03  -2.314274e+01
   7.419006e+02   5.669158e+02
   1.221490e+02  -1.550040e+03
   1.384053e+02  -1.456571e+02
   5.165234e+02   2.331428e+02
   1.113623e+03  -7.854737e+01
   5.228319e+02  -8.799635e+02
   1.223798e+03   1.565193e+02
  -2.614438e+01   9.063104e+02
   4.360255e+02  -9.585128e+02
  -1.422368e+02   4.318549e+02
   1.365771e+03  -8.141297e+02
   1.594239e+02  -4.403476e+02
   1.154680e+03  -6.511542e+02
   7.877990e+02   6.994160e+02
   1.379324e+03  -8.420351e+02
   5.070258e+00   4.781519e+01
   1.001810e+02  -2.615411e+02
   1.359682e+02   8.322990e+02
   7.427128e+02  -6.086072e+02
   9.029177e+02   1.202736e+01
   9.739259e+02   1.432420e+02
   5.914807e+02  -4.255063e+02
   6.493084e+02  -1.377265e+02
   1.140389e+01   1.681635e+02
   4.244296e+02  -5.307848e+02
   1.273856e+03   6.455915e+02
  -5.043538e+02   4.583854e+02
   1.245885e+03  -3.964978e+02
   6.694074e+02  -6.649946e+02
   7.699745e+02   5.230376e+02
  -4.433302e+02   7.210072e+02
   9.795769e+02  -3.781073e+02
   2.083115e+02   2.804270e+02
   8.893281e+02  -7.952016e+02
  -3.554644e+02  -7.910800e+01
   5.373901e+02  -9.635703e+00
   3.381053e+02   5.055282e+02
   5.548256e+02  -3.750754e+02
   3.642424e+02  -1.647832e+02
  -2.099435e+02  -5.000877e+02
   6.268355e+02   6.288992e+02
  -4.420803e+01   6.537237e+02
  -2.161718e+01   2.509378e+01
   1.041929e+03  -1.141758e+03
   9.792479e+02   4.393901e+01
   5.521126e+02  -8.577082e+01
   1.118098e+03  -1.469522e+02
   8.262087e+02  -7.661074e+01
   4.970740e+02   9.958635e+01
   7.773406e+02  -2.941558e+02
  -3.559819e+02   7.047636e+01
  -3.745661e+01  -2.795300e+02
   4.353331e+02   2.516705e+02
   1.047121e+03  -3.138496e+02
   4.682878e+02  -2.637661e+02
   5.609462e+02  -3.541982e+02
   9.566149e+02  -3.762351e+02
   8.738014e+02  -5.193843e+02
   5.423088e+02  -5.174100e+01
   4.611916e+02   2.734086e+02
   7.296574e+02  -1.520563e+02
  -4.165247e+02  -5.849420e+02
   1.127980e+03  -2.084206e+02
   9.081135e+02  -1.083784e+03
   8.264440e+01  -9.759236e+02
   7.882445e+02   1.467493e+03
  -8.760126e+02  -1.639246e+03
  -8.271566e+02   2.858775e+02
  -1.625659e+02   1.817393e+03
   2.524315e+03  -1.081249e+02
  -8.107275e+02   1.762976e+02
  -2.649013e+02  -8.444888e+00
   2.722775e+02  -2.607641e+02
   4.497558e+02   5.103689e+01
   1.241104e+03  -2.992879e+01
   5.908399e+02  -2.590717e+02
   1.816860e+02   1.690893e+02
  -2.776349e+02   8.477660e+00
   2.441852e+02  -1.629711e+02
   4.422085e+02   4.621258e+01
  -2.565349e+02   5.091658e+02
   9.255277e+02   4.514105e+02
   4.851640e+02  -3.971761e+02
  -1.988420e+02   2.983067e+02
   3.091042e+02   3.086156e+02
   5.949623e+02   3.341749e+02
   6.000354e+02  -1.244488e+02
   6.251934e+02   5.043040e+01
   5.488756e+02   4.307585e+01
   9.972953e+02   3.024897e+02
   5.164717e+02  -1.235266e+03
   6.886596e+00   2.732519e+02
   1.243542e+03  -1.900123e+02
   6.075409e+01  -9.369856e+02
  -1.134382e+02  -3.681043e+02
  -3.415007e+01   1.979464e+02
   1.488080e+03   2.042161e+02
   9.083870e+02   9.134315e+02
   5.260003e+02   5.664421e+02
   1.558553e+03   3.955507e+02
   5.370120e+02   9.531041e+01
   7.753883e+02  -8.210608e+02
   6.838189e+02  -5.651838e+02
   5.352969e+02  -1.268000e+02
   8.686411e+02   2.635901e+02
  -1.916318e+02  -5.218575e+02
  -7.165363e+02  -7.946645e+02
   2.307190e+02  -4.857548e+02
   2.645635e+02  -2.411040e+02
   7.447858e+02  -7.913377e+01
   2.762234e+02  -1.666752e+02
   8.508269e+02   4.122360e+02
   9.066289e+02  -7.687809e+02
  -5.433413e+01  -4.446052e+02
  -5.904664e+01   3.862208e+02
   2.702280e+02  -6.733126e+02
   3.284092e+02  -1.849767e+02
   5.810811e+02   1.582428e+02
   5.366202e+02  -5.644287e+02
  -8.481696e+01  -8.300597e+02
   7.463626e+01  -7.441468e+02
   9.925135e+02   1.366196e+02
   1.462607e+02  -2.070067e+02
   8.193428e+01   2.532524e+02
  -2.268201e+02  -2.018728e+02
   5.738702e+02  -2.637935e+02
   4.024512e+02  -3.851480e+02
  -9.702713e+01  -7.166329e+02
  -8.670386e+02   1.120800e+03
   1.426175e+02   4.706636e+02
  -2.063232e+02  -1.017631e+02
  -3.257422e+00  -8.297677e+02
  -4.165534e+02  -5.633962e+02
  -5.379954e+02  -6.533612e+02
   4.235308e+02  -1.321676e+03
   1.405848e+03   1.222676e+03
  -6.623690e+01  -1.020131e+02
   4.859627e+02  -7.128045e+02
   8.601215e+01  -8.402273e+02
   3.270963e+02  -5.239781e+02
  -1.892126e+02  -3.851799e+02
   3.394281e+02   7.975297e+02
   2.947658e+02  -3.681387e+02
   1.197661e+02  -3.927494e+02
   2.187523e+02  -1.585542e+02
   7.308302e+02   5.245639e+02
  -1.316290e+02  -3.378917e+02
  -4.517288e+02   2.053925e+02
   4.962349e+02   3.898614e+02
   2.811582e+02  -6.843910e+02
   7.456610e+01  -7.978032e+02
   3.602164e+02  -2.385700e+01
   6.805437e+02  -5.692673e+02
   5.096978e+02  -6.779035e+02
   3.738133e+02   3.356808e+02
  -1.678841e+02   1.059855e+02
  -6.239701e+01   2.920130e+02
   4.675752e+02  -4.074695e+02
   4.689408e+01  -5.889626e+02
   3.979031e+02   6.221150e+02
  -4.012159e+02   4.024076e+02
   4.343820e+02  -2.064032e+02
  -4.915458e+02   1.456288e+02
  -5.612932e+02  -7.752386e+02
  -2.075469e+02  -8.667435e+02
  -2.300977e+03  -1.413200e+02
   1.073670e+03   4.816489e+02
   1.038459e+03  -1.050592e+03
  -6.763864e+02  -3.896427e+02
  -7.974561e+02   3.870926e+02
  -4.428113e+02   6.650475e+02
  -2.277338e+02   1.850468e+02
  -5.958987e+02   1.371524e+02
   3.404400e+02  -4.201902e+01
   6.972953e+01  -2.332848e+02
  -4.661529e+02  -4.448836e+02
  -8.002934e+02   9.607521e+01
   7.727149e+02   6.611855e+01
   4.126971e+02   2.420457e+02
   3.043845e+02  -2.335532e+02
   2.931560e+02  -1.275448e+03
   5.055675e+01  -8.271451e+02
  -1.856779e+02   1.123075e+03
  -4.893310e+02   4.113418e-01
   1.249152e+02   8.713890e+01
   6.295202e+02   1.089647e+02
  -3.508691e+02  -1.469332e+01
   1.097357e+02  -1.802445e+02
   3.006249e+02   2.738807e+02
   2.848872e+02  -5.105020e+02
   8.462466e+02   2.037908e+02
   4.184056e+02   4.248256e+02
   5.248695e+01  -1.642258e+02
   1.711196e+02   6.390329e+02
  -2.771402e+02   3.460958e+02
   9.122116e+02   6.162613e+02
   7.126569e+02  -1.005243e+02
   6.998474e+02  -1.313460e+03
   3.495542e+02   1.227010e+03
   5.720983e+01   1.458806e+03
   1.240129e+03   4.305929e+02
  -7.698424e+02  -4.697273e+02
   9.876431e+02   3.047444e+02
   8.513404e+02  -6.525868e+02
   1.323970e+03  -3.959834e+02
   2.263014e+02  -9.633072e+02
  -1.740111e+02  -3.140305e+01
  -7.308461e+02  -2.554721e+02
   2.513777e+02   4.734081e+02
   9.905797e+01  -3.151516e+02
   6.245896e+02  -7.368608e+02
  -1.669765e+02   1.200327e+02
  -2.546485e+02  -4.525971e+02
  -1.421339e+02   3.763548e+02
   5.049569e+02   6.113621e+02
  -1.573587e+02   5.501120e+02
   4.462382e+02  -5.757095e+02
  -4.259160e+02  -1.248631e+03
   2.558503e+02   7.045684e+00
  -9.682499e+01  -3.110015e+02
   4.723871e+02  -6.590435e+02
  -1.736769e+02   6.281794e+02
   6.431373e+01   8.738425e+02
  -8.759247e+01   7.293007e+02
  -5.382340e+02  -4.464798e+02
  -7.092498e+01  -1.038010e+02
  -1.344563e+01   1.261805e+01
   1.268782e+03   1.751890e+02
   1.444331e+03   4.989644e+01
  -3.732471e+01  -5.079142e+02
   5.990795e+02  -3.752023e+02
   2.196327e+02  -1.052740e+03
   8.061046e+02   1.020490e+03
  -7.384547e+02   1.925588e+03
   6.909661e+02  -1.388520e+02
  -2.502461e+02   4.646739e+02
  -4.563399e+02  -4.116942e+01
  -1.958858e+02  -3.709458e+02
   2.409147e+02   3.971525e+02
   5.003445e+02   7.886567e+02
   5.725208e+02   2.518033e+02
  -3.034388e+02   2.850384e+02
   1.246059e+02  -3.002955e+02
   1.094493e+03   3.271566e+02
   3.913617e+02   1.582814e+02
   1.863488e+02  -5.142094e+01
   3.858757e+02   5.186800e+02
   3.767988e+02   4.984081e+02
  -7.133136e+02   8.964235e+01
  -2.190753e+02  -6.546503e+02
   6.711140e+02  -1.970430e+02
   8.505149e+02  -5.234208e+02
  -3.422724e+02   6.293962e+02
  -1.519225e+01   3.619920e+02
   4.062380e+02   3.439021e+02
   3.910713e+02   2.385293e+02
   1.569043e+02   5.538863e+02
  -4.629732e+02  -5.370990e+00
  -6.183698e+02   2.614648e+02
   4.703513e+02  -3.120058e+02
   2.441287e+02  -4.950244e+02
  -1.248390e+02  -6.538159e+02
   1.320635e+02  -5.119875e+02
   7.593565e+02  -6.458814e+02
  -3.442830e+02   8.495818e+02
   2.167508e+02   5.436213e+02
   1.854341e+03   2.727288e+02
   5.335455e+02  -9.683957e+02
   8.578007e+02   9.619780e+01
   9.957704e+02  -5.060861e+01
   1.738541e+02  -5.401516e+02
   1.228679e+03  -1.000810e+02
   4.686098e+02   5.029734e+01
   4.383294e+02   2.021419e+02
   5.934728e+02  -6.420740e+02
  -1.303248e+02  -3.391467e+02
   1.333036e+02  -3.610362e+02
   3.807226e+02  -2.535967e+02
   4.481604e+02  -6.264329e+02
  -2.187750e+02   8.911669e+02
  -5.918063e+02  -1.914716e+02
   1.240935e+02   5.035016e+02
  -4.709472e+02  -2.756242e+02
   1.472059e+02   8.015756e+02
   2.115500e+02  -6.106788e+02
   3.031148e+02   4.281570e+02
   2.256038e+02  -6.273149e+02
   9.708291e+01  -3.269295e+02
   7.427984e+02   4.231394e+01
   1.784060e+01  -4.377290e+02
  -5.892102e+01  -1.620287e+02
  -5.141925e+01  -5.214116e+02
  -3.999751e+02  -5.717735e+02
  -5.913714e+02   6.031956e+02
   8.529550e+02   6.620255e+02
   5.411556e+02   3.815804e+02
   1.260667e+03  -2.506066e+02
   2.953966e+02   6.348432e+02
  -7.618264e+02   7.540056e+02
   2.725988e+02   5.409343e+02
   1.712711e+03   1.476304e+03
   1.561578e+03   3.021770e+02
   1.115546e+03   1.146693e+03
  -8.859405e+01  -2.443933e+02
   1.041514e+03   9.526430e+02
   4.953786e+02  -3.567143e+02
   7.206743e+02   1.380497e+01
  -4.207008e+02   7.094729e+02
  -4.095008e+02  -5.716564e+02
   6.237341e+02  -4.207146e+02
  -1.065237e+02   3.523602e+02
  -4.395601e+02   1.163784e+02
   7.690565e+02  -4.524169e+02
  -7.563832e+02  -3.989153e+02
  -6.284226e+02  -2.220923e+02
   4.367765e+01   2.911928e+02
  -1.090629e+02   4.167461e+02
   1.441423e+02   1.173030e+02
   1.407006e+02  -2.258946e+02
  -1.058906e+01  -5.415698e+02
  -6.644247e+02  -3.163492e+02
   2.099142e+02  -3.783663e+02
   4.717502e+02   8.438185e+02
  -3.385601e+02   4.239034e+02
   6.263206e+02  -1.491774e+01
  -5.343247e+01  -6.815724e+02
   3.720881e+02   3.626879e+02
   3.401375e+02  -9.791463e+02
   7.902094e+02  -5.825402e+02
  -6.108304e+02  -1.636999e+03
   9.700040e+01  -1.746221e+03
  -3.560771e+01   1.919820e+02
  -3.503260e+02   1.738064e+02
  -1.900590e+01  -9.746166e+01
   3.530557e+01  -5.846662e+02
   2.489014e+02   6.608268e+02
  -4.512344e+02   8.976260e+02
   1.758119e+02  -4.374908e+02
   1.529410e+01   6.054578e+02
   8.055315e+02  -1.102540e+02
   3.596618e+02  -6.795619e+02
  -4.299417e+01  -1.783606e+02
   7.707593e+02   5.792927e+02
   5.779385e+02   1.828582e+02
   8.688356e+01  -8.851527e+02
   4.982743e+02   3.465021e+02
  -2.395675e+02  -1.073854e+03
   3.320397e+01   8.216462e+02
  -7.247460e+01  -8.333627e+02
  -1.428428e+02  -1.176644e+02
  -1.308074e+02   4.101334e+02
   5.626276e+02  -5.080622e+02
   8.073701e+02   6.559345e+01
   1.115198e+02  -6.109446e+02
  -2.613232e+02  -8.610123e+02
   4.722713e+02   1.366450e+03
   9.616995e+01  -1.018762e+03
  -4.384426e+01  -5.186932e+02
   3.148644e+02   1.184852e+01
  -1.447509e+02  -4.683462e+02
   3.961163e+02  -8.475175e+02
  -2.413495e+02  -5.703687e+02
  -8.713247e+02  -3.568729e+02
  -5.541764e+01  -2.190408e+02
   3.426268e+01   5.537209e+01
  -4.127444e+02  -1.626715e+02
   1.871378e+02   6.983862e+01
   1.091632e+03  -4.714707e+02
  -1.092709e+01  -5.392908e+02
  -1.855793e+01  -4.604602e+02
   8.805568e+02   8.345241e+00
   5.118621e+02  -1.042186e+03
   2.078393e+02  -3.820781e+01
   4.915980e+02  -1.611875e+02
   1.850223e+02   4.714570e+02
  -6.947939e+01  -1.902777e+02
   5.518331e+02   1.165169e+02
   1.427083e+02  -6.750817e+02
  -7.879462e+01  -1.570363e+02
  -1.643610e+02  -6.351429e+02
   3.656806e+02   3.223704e+02
  -4.539656e+02  -8.780315e+02
   3.129224e+02  -2.378983e+02
   5.740664e+02  -1.432262e+02
  -4.023474e+02  -1.135183e+03
   2.873692e+02   2.970033e+02
  -5.269447e+02  -5.842682e+02
  -1.535407e+02  -7.537813e+02
   4.175173e+02   9.070525e+02
   3.525718e+02   3.978669e+02
  -6.051731e+01   1.737459e+02
   6.655504e+02   7.112177e+02
   5.581459e+02  -2.652889e+02
  -3.344524e+02   1.497251e+02
  -1.123714e+01  -1.612164e+02
  -1.966334e+02  -7.400056e+02
  -1.557712e+02  -1.743798e+02
   3.582157e+02   6.608748e+02
  -1.242889e+03  -4.543179e+02
  -2.820760e+02   2.558185e+02
  -4.708256e+02  -1.595896e+03
  -7.183861e+02   8.884480e+01
   3.680954e+02   3.591069e+02
  -3.034417e+02   3.097662e+02
   9.907752e+02  -3.945498e+02
  -7.858240e+02  -1.191914e+03
  -3.226642e+02  -2.074532e+02
   1.474644e+02   1.038995e+03
   3.967192e+02  -2.052191e+02
  -4.910193e+02   3.376567e+02
  -4.533419e+02   2.342694e+02
   2.436883e+02   3.445519e+02
  -1.514701e+02  -4.742676e+02
   6.954914e+02   1.077811e+02
   9.748796e+01  -3.901552e+02
  -1.860014e+02  -2.215705e+02
  -3.184242e+01  -2.438669e+02
  -5.024651e+02  -5.360157e+02
   1.193658e+02   9.032480e-01
  -3.248158e+01  -8.949831e+01
  -2.737068e+01  -5.014807e+02
  -1.296720e+02   3.121701e+02
   9.333838e+01   8.247405e+02
   4.507226e+02   1.332259e+02
  -1.444459e+02   1.594377e+02
   1.802293e+02   7.929574e+02
  -7.070138e+01   9.666635e+02
   3.592673e+02   7.524806e+02
   1.331165e+03  -1.452201e+02
  -5.750379e+01  -6.891345e+02
   1.042956e+03   1.302147e+02
  -2.045067e+02   4.160829e+02
  -7.721432e+02  -8.957879e+02
   8.203563e+02   1.444276e+01
   2.164696e+02   5.298084e+02
  -3.833909e+02  -2.843298e+01
  -2.123723e+02  -5.738911e+02
   1.750474e+02   9.291504e+02
  -3.913458e+02   4.725225e+02
   4.298857e+02   3.175032e+02
  -2.103242e+02  -3.959971e+02
   6.669248e+02   7.830274e+01
  -2.502274e+02  -3.958819e+01
   7.711567e+01   4.524756e+02
  -1.575504e+01   2.393675e+02
   8.215408e+02   5.781312e+02
  -1.749048e+02   3.609880e+02
  -1.471078e+02  -2.475668e+02
   1.100630e+02   2.405704e+02
   1.990703e+02   6.479784e+02
   6.216201e+02  -6.378600e+02
   4.768570e+01   1.033977e+02
   4.156853e+02   4.472480e+02
  -3.606005e+02   1.392993e+02
   4.217349e+02   2.741983e+02
  -5.085240e+01   1.252000e+02
   3.528586e+02  -6.756780e+02
  -6.629767e+02  -2.752743e+02
  -7.749752e+02  -1.415711e+02
   3.004090e+02  -2.473528e+02
  -2.936970e+02  -2.944627e+01
   5.436191e+02  -5.238505e+02
   9.362634e+01  -4.013927e+02
   4.585902e+01  -1.153978e+03
  -1.159559e+03  -6.698867e+01
  -1.191937e+03   4.912299e+02
  -6.566739e+02  -5.292224e+02
   3.346200e+02  -1.056977e+03
   4.380343e+02   5.249448e+02
   3.792602e+02  -4.181659e+02
  -9.799842e+02   5.266460e+02
   1.424521e+02   8.139087e+02
  -2.095773e+02   6.673810e+02
   6.387417e+02  -8.550029e+00
  -3.838521e+02  -1.332276e+02
   4.391693e+00   4.036839e+02
   2.875987e+02   4.934541e+02
   5.852343e+02  -2.267814e+02
   3.594030e+02   2.782508e+02
   3.931925e+02   3.464977e+02
  -1.556315e+02  -2.957361e+02
  -7.601751e+01  -2.196710e+02
  -4.968074e+01  -1.049335e+03
  -9.876402e+02  -2.639370e+02
  -1.458008e+02   9.680456e+01
   3.227859e+01   4.061429e+02
  -7.821049e+02  -1.021155e+03
   7.797919e+01   2.882781e+02
   6.250388e+02   1.515108e+02
  -2.727169e+02   8.172285e+02
   2.762400e+01  -4.628509e+02
  -2.234233e+02   2.135931e+02
   7.985269e+02   4.216999e+02
   6.457615e+02  -6.194910e+02
   9.451223e+01   1.823415e+02
  -1.820984e+02   5.183292e+02
  -2.656008e+02   8.932246e+02
  -1.300969e+01  -4.968418e+02
  -1.541380e+02   4.030428e+02
   1.676890e+03  -2.206936e+02
   6.869001e+02  -9.361730e+01
   5.305741e+02  -5.792384e+02
  -1.476757e+02  -7.179143e+02
   1.050792e+03  -7.304284e+02
   2.256141e+02  -7.451733e+02
  -5.135512e+01   2.391394e+02
  -4.561136e+02  -2.748134e+02
   2.358285e+02  -1.813144e+02
   4.444409e+01  -2.954365e+02
  -1.001833e+03   4.193190e+01
   6.776340e+01  -3.576844e+02
  -6.603502e+02   4.348467e+02
   4.057960e+02  -7.022062e+02
   9.163496e+02   2.460660e+02
   5.438974e+01  -1.855337e+02
  -3.342264e+02   1.237688e+02
  -2.938171e+02  -5.064795e+02
  -3.120128e+01  -2.221969e+02
  -3.325444e+02   7.155664e+02
   1.355592e+02   2.852082e+02
  -2.568553e+02   6.656030e+02
   8.262715e+02  -5.143689e+02
  -1.567946e+02   1.660224e+02
  -2.906384e+02  -1.114150e+02
  -1.944436e+02   9.370539e+01
   1.503656e+02   7.829043e+02
   1.308639e+02  -4.363538e+02
   2.615754e+01  -3.032306e+02
   6.481129e+02  -1.063315e+03
  -1.756601e+02   8.161541e+02
  -1.007725e+03  -1.742863e+02
  -5.455430e+02  -1.055137e+03
   1.080529e+03  -3.770909e+00
   5.936507e+02   3.633508e+02
  -1.695862e+03  -1.058145e+03
   1.359196e+02   2.490620e+02
   1.754269e+02  -3.168113e+02
   3.313728e+02  -1.050666e+03
  -1.336490e+02   1.456706e+02
  -2.871447e+02  -2.534027e+02
  -4.978986e+02   4.402281e+01
   7.072895e+02  -4.132572e+02
  -3.074706e+02   3.700092e+02
   1.359010e+02  -6.437732e+02
  -4.172057e+02   6.330288e+02
  -6.712943e+02  -5.434157e+01
   1.705079e+02   2.988563e+02
  -1.165786e+03   2.895046e+02
   2.554041e+01  -1.557327e+02
   1.409936e+02   8.724040e+02
  -4.734652e+02   6.926613e+02
  -4.957233e+02  -7.207921e+01
   8.353755e+00   8.673432e+02
  -1.494848e+02  -6.022452e+02
   4.285502e+02  -8.716334e+02
   3.242566e+02   4.014507e+02
   6.784875e+02   9.156477e+02
   8.381112e+01   2.137398e+02
  -2.356076e+02  -1.618878e+01
   2.177227e+02  -3.121904e+02
   9.375980e+01   6.407106e+02
   4.249589e+02  -2.348168e+02
  -3.556220e+02  -3.925787e+02
   6.840377e+02   2.252253e+02
  -3.118709e+01   2.292757e+02
   6.826532e+02  -8.753033e+01
  -2.895978e+02  -8.860605e+02
   4.591022e+02  -1.562153e+02
  -7.643464e+01   5.004016e+02
  -1.309943e+03  -5.685649e+02
  -4.145688e+02  -1.831632e+02
  -5.076295e+02   3.168790e+02
  -1.966108e+02   6.188034e+01
  -8.166906e+02   1.443208e+02
   5.617073e+02  -4.111082e+02
  -6.377000e+01   7.818167e+02
   9.580080e+02   6.565618e+01
   1.683253e+00   1.298390e+02
  -6.077255e+02  -3.517992e+02
  -5.381106e+02  -5.815463e+01
  -2.958569e+02  -5.758556e+02
   2.398909e+02  -2.984315e+02
   4.126702e+02  -1.792744e+02
   1.023062e+02  -3.380510e+02
   9.718654e+01   2.519023e+02
   2.194321e+02  -8.363944e+02
   9.007855e+01  -2.966662e+02
  -1.611940e+02  -7.327274e+02
   5.478911e+02  -2.881810e+02
   3.854878e+02  -2.084638e+02
  -7.745596e-01   3.065951e+00
   1.403363e+03   4.888821e+02
   2.473531e+02   3.010290e+02
  -5.812906e+02  -3.165459e+02
   2.671053e+02   6.444414e+02
  -5.284953e+02   2.833950e+02
  -2.639313e+02  -1.649670e+03
   2.021488e+02   6.686822e+02
   1.186708e+03  -9.592748e+02
  -8.612918e+01   1.120837e+02
   1.066508e+03   6.264262e+02
  -6.173323e+02   2.087123e+02
  -1.015322e+03   1.510680e+02
  -8.706361e+01   2.571088e+02
   2.305846e+02   1.012621e+03
   6.158742e+02  -6.180971e+02
  -4.051353e+02  -4.839870e+02
  -1.039064e+02  -1.227903e+02
  -1.080825e+01  -1.684879e+02
  -7.274211e+02   5.275968e+01
   2.676933e+01  -2.134605e+02
   1.617646e+02  -1.949913e+01
   5.499997e+02   1.404575e+02
   5.772772e+02   9.841397e+02
   1.661413e+02   8.832905e+02
  -3.080411e+02   3.836870e+02
  -4.246665e+02   3.724894e+02
   1.331763e+01  -5.181965e+02
   1.626730e+02  -7.242641e+02
   1.022499e+02   8.743541e+01
   2.695440e+02  -8.160284e+01
   5.368901e+02  -2.292576e+02
   3.512219e+02   2.707738e+01
   5.064341e+02   1.340608e+03
   7.526167e+02   4.201251e+02
  -8.289955e+01  -2.159622e+02
   7.160606e+02  -2.990290e+01
  -4.206171e+02  -3.362355e+02
  -7.464905e+02   6.044245e+02
   2.962131e+02  -4.947310e+02
  -4.121360e+02   2.462070e+02
   4.475366e+02  -5.268744e+01
   1.692149e+02  -1.749189e+03
  -6.878201e+01  -1.142482e+03
   1.862742e+03  -1.235488e+03
  -1.956010e+02   4.791793e-01
  -5.400901e+02   6.272062e+02
   5.503987e+02   1.611623e+02
   8.329242e+02  -2.246224e+02
   4.155375e+02   5.813068e+02
   3.473418e+02  -9.170438e+01
  -4.825644e+00   1.211516e+02
  -1.522122e+02  -7.445430e+01
  -3.352913e+02   6.243955e+02
  -2.913269e+02  -7.811308e+01
   6.897830e+01   7.688088e+02
   6.213397e+02  -6.045718e+02
  -2.416878e+02   3.760000e+02
   1.931208e+02  -2.743234e+02
   5.294661e+02  -1.302240e+03
  -8.356844e+02   5.484785e+02
  -7.456370e+02  -9.243309e+02
   2.292297e+01  -5.511584e+02
  -7.260232e+00   5.016246e+02
  -2.113281e+02   1.367568e+02
   7.817997e+02   4.547464e+02
   1.861580e+02   1.880298e+02
  -2.611400e+02   4.372081e+02
  -2.558444e+02  -4.858629e+01
  -4.540138e+02   9.877507e+02
   1.339406e+02   1.914521e+02
   3.549759e+02   2.327919e+02
   1.165829e+03  -6.555215e+02
   6.227421e+02   5.320689e+02
   4.520969e+02   7.730443e+02
   9.896952e+02   1.027104e+03
  -1.345008e+02  -2.131632e+02
   1.299622e+02  -5.243842e+02
  -1.253609e+03  -1.300391e+02
  -1.490800e+02  -1.196676e+03
  -2.212241e+01  -1.004192e+03
  -2.939927e+01  -6.360705e+02
  -8.198432e+02  -1.630311e+02
   6.553701e+01  -3.773088e+02
   4.862347e+02   6.988126e+00
   9.986967e+02   3.660681e+02
   6.381962e+01   2.591661e+02
   4.025897e+02   1.121715e+03
   2.571974e+01  -2.164890e+02
  -1.111210e+03  -4.509450e+02
  -3.195113e+02  -6.515750e+01
  -9.520966e+01  -5.239839e+02
   3.974879e+02   2.796577e+02
   7.518967e+02   5.684186e+00
  -8.235576e+02  -1.444782e+02
  -2.646979e+02   5.601313e+02
   3.398590e+02  -3.533905e+02
  -2.541926e+02  -1.884439e+02
   5.517822e+02  -3.990695e+02
   3.876505e+02   2.096093e+02
  -2.449914e+02  -4.633705e+02
  -8.392309e+02  -7.359562e+02
  -4.354916e+02  -3.254905e+02
   3.018749e+02  -1.246257e+02
   1.139022e+03  -2.869955e+02
   6.771378e+02  -7.453955e+02
   1.476243e+03   9.984277e+01
  -6.937162e+02   8.844110e+02
   7.221754e+02  -1.380830e+03
   2.103290e+02  -4.539116e+02
  -2.364544e+01   6.147787e+02
  -8.501539e+02   1.155699e+03
  -8.191731e+02  -1.041598e+03
  -5.956717e+02   3.844285e+02
   6.990817e+02   1.000490e+02
   2.925701e+02  -6.819294e+02
  -5.562958e+02  -4.688497e+02
  -2.982470e+02   5.763313e+02
  -4.728721e+02  -5.237480e+02
   4.373981e+02   7.124829e+02
   1.038672e+02  -1.096203e+02
  -2.116028e+02  -7.241729e+01
   6.998972e+02   5.146815e+01
  -5.300728e+02  -1.278162e+03
  -1.485189e+02  -2.068626e+02
   4.598825e+02   7.209613e+02
  -8.701560e+02  -9.062365e+02
  -9.461352e+01   7.371759e+01
   2.678763e+01  -4.171983e+02
  -4.545649e+02  -7.068089e+01
   2.824665e+02   7.864971e+02
  -1.157501e+01   5.368444e+01
   1.596042e+02  -2.924098e+02
  -3.558486e+02   2.770916e+02
  -1.867747e+02   3.651523e+02
   1.408921e+02  -1.362586e+02
   2.232932e+02   5.976999e+02
   7.134538e+02  -7.954971e+02
   4.073229e+02  -2.951830e+02
  -1.061455e+03  -3.129941e+02
   1.616579e+03   1.858929e+02
   4.934984e+02   1.894908e+03
   5.882885e+02   7.324020e+02
  -1.130052e+03  -6.862032e+02
  -5.586182e+02   9.820218e+01
  -2.263111e+02  -1.193456e+03
   7.956384e+02   4.994092e+02
  -8.940758e+01  -1.026026e+02
   5.607044e+02  -6.009547e+02
   1.117082e+02   1.228059e+02
   1.394830e+01   8.291022e+02
  -4.762539e+02   1.044467e+03
   1.841256e+02   2.600668e+02
   6.037405e+02  -3.479177e+01
   6.332381e+00   7.944079e+02
   8.513255e+02   2.071107e+02
  -3.270088e+02  -4.217265e+02
   3.974542e+02  -6.156421e+02
  -3.925728e+02   1.890492e+02
   6.133332e+02   4.044358e+02
   9.150969e+02   5.881688e+02
   1.323474e+02   8.302760e+02
   2.926964e+02  -7.744564e+01
  -6.637774e+01  -5.443703e+02
   1.489798e+02   5.573374e+02
  -8.701009e+02  -1.349903e+02
  -6.086888e+02   5.598215e+01
   3.390444e+02  -1.881857e+02
   1.017736e+02  -1.114950e+02
  -3.020261e+02   2.165762e+02
   1.381016e+02  -6.189967e+02
   1.498154e+02   1.014042e+03
   3.966887e+02   5.690159e+02
  -1.120741e+02  -4.481712e+02
   5.885977e+02  -9.972864e+01
   1.057693e+03  -5.290048e+02
  -8.364732e+02   2.110676e+02
  -4.447700e+02  -1.041760e+02
  -4.712012e+02  -4.188638e+01
   6.827527e+01  -5.540934e+02
  -7.819948e+01   4.218706e+02
   7.210543e+01  -3.456744e+02
   2.684314e+02   2.332264e+02
   2.126795e+02   5.850328e+02
   1.932607e+02  -4.362892e+02
  -4.505589e+02   7.913114e+02
  -8.843808e+01  -8.449164e+02
   3.298679e+02   6.983665e+01
   2.656441e+02  -2.296393e+02
   5.728187e+02  -5.629881e+00
  -7.400603e+02  -1.906087e+02
   4.754020e+02   3.101902e+02
  -5.940071e+02   3.560570e+02
   4.021040e+02   4.966310e+02
  -1.032625e+03   8.523556e+00
  -1.599935e+02   4.572374e+02
   2.971534e+01  -1.081658e+01
   6.071716e+02   2.873164e+02
   3.619582e+01  -6.180452e+02
   1.940187e+02  -7.373064e+02
   1.911518e+02   5.297754e+02
   2.371090e+02  -4.195585e+02
  -7.834843e+01   8.496189e+01
   4.466805e+01   6.863889e+02
  -4.560462e+02  -1.735017e+02
   1.190523e+03  -6.288120e+01
   6.995774e+02   6.053069e+02
  -3.788150e+02  -5.008914e+02
   1.700321e+03  -6.934858e+02
  -8.663072e+02   1.948723e+01
  -5.217575e+02   8.719484e+02
  -9.334197e+02  -3.035008e+02
   8.897610e+02   4.624905e+02
  -3.946274e+02  -7.263293e+02
   1.545677e+02   3.412694e+02
   2.690625e+02  -2.247340e+02
   9.982561e+02  -6.616228e+02
   1.345366e+02  -9.051465e+01
   3.269061e+02   1.544034e+02
   7.011488e+02  -8.962561e+00
  -9.856313e+02   3.304661e+02
  -3.151286e+02  -9.775837e+02
  -2.267130e+02  -1.765708e+02
   2.099099e+02  -3.994431e+02
  -1.514367e+02   1.038842e+01
  -6.158843e+02   6.272508e+02
   2.340154e+02  -3.588506e+02
  -4.538638e+02   6.298672e+02
  -2.700536e+02  -3.160770e+01
   7.134556e+01  -5.193870e+02
  -2.374530e+02   1.647455e+02
   4.089123e+02   1.858595e+02
  -8.110180e+02  -5.579953e+02
  -9.907255e+02   1.173160e+02
  -7.107114e+01  -5.215658e+02
  -9.906991e+02   4.073356e+01
   3.345200e+02  -6.689113e+02
  -7.822596e+02  -1.870828e+02
  -7.379731e+02   2.407170e+02
  -3.914073e+02   2.922077e+02
  -1.598436e+02  -1.235653e+03
   1.619191e+03   7.601402e+02
  -2.411211e+01  -5.276785e+02
   3.094637e+02  -8.018087e+02
   3.101105e+01   4.220703e+02
   3.999754e+02   2.284724e+02
  -3.623967e+02  -6.104471e+02
  -6.652414e+02  -9.015896e+02
   2.265798e+02   7.957283e+02
  -1.980090e+02   1.648315e+02
  -4.505617e+02   7.193470e+02
  -1.489475e+02   2.786533e+02
  -1.404069e+02   3.858483e+02
  -5.708731e+02  -4.547438e+02
   1.687329e+02  -4.301793e+02
  -5.087258e+02   1.078306e+03
   7.057197e+02   2.249194e+02
  -3.109957e+02  -3.163885e+02
   3.109922e+02  -2.806294e+02
   3.354350e+02  -4.385070e+02
  -4.479775e+02   1.951440e+02
   5.332601e+02   1.963229e+02
  -4.566583e+02  -2.544233e+02
   6.069152e+01  -4.657140e+02
  -8.828070e+02   1.424846e+02
  -1.231643e+02  -3.565719e+02
  -1.091792e+02  -2.169905e+02
   1.135251e+02   2.248423e+02
   2.613585e+02   6.126840e+02
   4.287320e+01  -4.501632e+02
  -8.902571e+01   5.525572e+02
   1.518185e+02  -1.230413e+03
  -7.763260e+02   3.373173e+02
  -2.567871e+02  -8.023150e+02
  -5.066647e+02   1.198171e+03
  -6.691243e+02   9.617014e+01
   2.720093e+02  -6.778989e+02
   1.015224e+03  -1.811008e+02
  -1.779286e+02  -3.571126e+02
  -1.547397e+03   1.313926e+02
   9.480567e+02  -2.230371e+02
  -7.019025e+02   1.241367e+02
   5.370268e+02   3.497246e+02
  -1.085537e+02  -1.058919e+02
   3.233115e+02  -1.699726e+02
  -6.255493e+01   1.361612e+02
  -5.473911e+02   1.525941e+02
   1.326239e+03  -1.643646e+02
  -1.813070e+01  -9.892056e+01
  -6.504130e+00   2.000367e+02
  -5.225749e+02  -2.683123e+02
   8.045401e+01   8.558196e+02
  -1.407493e+02   6.590710e+02
   3.056105e+02   6.653106e+02
  -3.330732e+02  -4.077036e+02
   4.874964e+02   2.919320e+02
   3.342659e+02  -2.223112e+02
   4.599402e+02  -2.218807e+02
  -7.696822e+02   1.402260e+02
  -9.827169e+02  -5.621780e+01
   1.624380e+02  -1.264076e+02
  -1.473449e+02  -3.624562e+02
  -1.213402e+02   1.228924e+02
  -5.230244e+00  -5.152336e+02
  -7.082391e+02   1.760407e+02
  -7.715177e+01  -1.435883e+02
  -5.844590e+02  -1.157656e+02
  -2.263821e+02   6.271484e+02
  -9.347625e+02  -1.150849e+03
  -4.928334e+02   4.911978e+02
  -3.048287e+02   1.310528e+03
  -8.679323e+02  -7.346090e+02
  -7.520568e+02   5.645384e+02
   2.866781e+02   3.205505e+02
   2.576743e+02  -1.572703e+02
  -7.149629e+01   2.191490e+02
  -5.858247e+01   5.709265e+02
  -1.578311e+02   1.601323e+02
   5.727206e+02  -1.206154e+02
  -2.105032e+02  -3.766290e+02
  -2.879325e+01   5.213933e+02
   8.059048e+02   3.540727e+02
  -6.167704e+02  -5.677344e+02
   9.691431e+01   3.334241e+02
  -5.957231e+02  -4.055107e+02
   5.381357e+01  -7.391678e+02
   3.507918e+02   2.439516e+01
   7.734050e+01   5.511973e+02
  -8.307993e+02   1.436825e+01
  -5.695533e+01   2.423388e+02
   6.345018e+01  -3.038537e+02
  -1.084483e+02   3.569537e+02
   6.487492e+02  -4.270440e+02
  -2.747262e+02  -1.094783e+02
  -4.671687e+02  -1.345712e+02
   3.706036e+02   2.553057e+02
   8.175779e+02  -9.838857e+01
  -6.349559e+02   2.493832e+02
   3.244169e+02  -5.570154e+01
  -7.893136e+02  -6.041722e+02
  -3.313307e+02  -3.698648e+02
  -5.873808e+02   1.139756e+03
  -6.243252e+02   1.823048e+02
  -4.183670e+02   3.691653e+02
  -7.118293e+02  -8.700345e+02
   4.524918e+02   8.110272e+02
  -2.463398e+01   3.314984e+02
   3.501071e+02   2.257654e+02
  -7.805797e+02  -6.270035e+00
  -1.790864e+02   8.713812e+01
   4.143910e+02  -5.209301e+02
   1.286793e+02   1.785375e+02
   6.889512e+02  -2.963903e+02
   9.696452e+01  -1.973218e+02
   4.378841e+02   6.295106e+02
  -1.751538e+02  -2.275723e+02
   1.489908e+02   1.071219e+01
  -4.095500e+02   6.856207e+01
  -4.217890e+02  -4.931755e+02
   3.918439e+02  -9.245466e+02
   2.732285e+02   3.341386e+00
   5.606588e+02   4.717720e+01
   4.894405e+02   5.554539e+02
  -1.222736e+02  -1.400898e+02
   2.408733e+02  -4.579138e+02
  -2.722476e+02   3.209910e+02
   2.352234e+02  -1.759288e+02
  -1.375878e+02   6.308681e+02
   3.251719e+01   2.077899e+02
  -4.742749e+02   7.065609e+02
  -1.034489e+02   4.583310e+02
  -3.684518e+02  -5.555792e+02
   5.227058e+00   1.913052e+02
  -5.076486e+02  -2.967135e+02
  -9.395171e+02   2.630087e+02
   6.385241e+02   2.660766e+01
   3.526887e+02  -4.034683e+02
   1.545424e+02   1.450549e+03
  -8.103781e+02   7.129463e+02
   1.594340e+03  -4.658936e+02
  -1.016908e+01  -9.515296e+02
   1.731284e+02  -2.389803e+02
   1.143176e+02  -3.745617e+02
  -1.629499e+02  -1.603288e+02
   2.704271e+02  -1.019519e+02
  -2.414137e+02  -1.265401e+02
  -7.196218e+01   2.168558e+02
  -1.450379e+02  -8.910427e+02
  -4.082889e+02  -3.617487e+02
  -4.726075e+01   1.700189e+02
  -2.558670e+01  -2.021938e+02
   6.335242e+02  -3.639915e-01
   5.516710e+02   5.038294e+02
  -6.264890e+02   1.027257e+03
  -2.636271e+02   7.057377e+02
   3.333998e+02   2.428798e+02
   9.277934e+02  -6.609761e+02
  -7.072804e+02   1.113754e+02
   8.010743e+02   6.198749e+02
  -3.716373e+02  -1.544206e+02
  -3.010133e+02  -1.873286e+02
  -9.968094e+00   5.467921e+02
  -5.744612e+01   7.131795e+02
   9.905613e+02   8.726771e+02
   2.117403e+02   7.378455e+02
  -9.864547e+01  -4.465535e+02
  -7.054412e+02  -5.539610e+02
   2.460039e+02  -1.779104e+02
   1.439494e+02   6.881167e+02
  -4.499095e+02   1.427216e+02
   3.574778e+01   4.463430e+02
  -3.980290e+02   1.074247e+03
   3.155161e+02   1.219632e+03
  -5.316138e+02  -6.504850e+02
  -5.760877e+02   1.237241e+03
   1.971919e+02   5.495768e+01
   1.270963e+02  -8.828400e+02
   8.863620e+02  -6.121408e+02
   1.961804e+02   1.837342e+02
  -1.242077e+03  -6.702861e+02
  -5.309056e+02   5.601145e+02
   2.127374e+02  -1.468943e+01
   2.056028e+02   7.023167e+01
  -5.317930e+02   6.027323e+02
  -4.923150e+02   1.583792e+02
  -2.124507e+01   1.197733e+02
  -4.349265e+02   7.969786e+02
   1.662740e+02  -3.758643e+02
  -1.323003e+02  -4.104310e+02
   3.999804e+02   1.330314e+03
  -1.116298e+02  -7.855440e+01
  -5.386390e+02   6.626734e+02
  -6.345189e+02  -8.946355e+01
   3.120944e+02   1.190916e+03
  -3.789599e+02  -1.703361e+02
  -6.939645e+02  -2.751934e+01
  -3.202731e+02  -7.239589e+01
   4.739116e+02   3.618091e+02
  -5.236782e+02  -9.817424e+02
  -6.785941e+02   1.293487e+02
   5.319781e+02  -1.513549e+02
  -3.991712e+02  -2.475325e+02
  -3.159075e+02  -4.610851e+02
  -2.518891e+02  -4.687397e+02
   2.989113e+01  -1.564178e+02
   9.987414e+02   6.753663e+02
   5.628004e+02   4.522617e+02
  -3.298332e+02   4.256878e+02
   5.789852e+02  -3.018363e+02
  -7.803868e+02  -8.813851e+01
   4.056066e+02  -3.845195e+02
  -1.367009e+02   1.437041e+02
  -5.183659e+02   1.282841e+02
  -4.091888e+02  -2.866196e+01
   5.804720e+02   7.051439e+01
   1.440321e+02   1.990471e+02
  -0.000000e+00   0.000000e+00
  -0.000000e+00   0.000000e+00
  -0.000000e+00   0.000000e+00
  -0.000000e+00   0.000000e+00
  -0.000000e+00   0.000000e+00
  -0.000000e+00   0.000000e+00
  -0.000000e+00   0.000000e+00
  -0.000000e+00   0.000000e+00
  -0.000000e+00   0.000000e+00
  -0.000000e+00   0.000000e+00
  -0.000000e+00   0.000000e+00
  -0.000000e+00   0.000000e+00
  -0.000000e+00   0.000000e+00
  -0.000000e+00   0.000000e+00
  -0.000000e+00   0.000000e+00
  -0.000000e+00   0.000000e+00
  -0.000000e+00   0.000000e+00
  -0.000000e+00   0.000000e+00
  -0.000000e+00   0.000000e+00
  -0.000000e+00   0.000000e+00
  -0.000000e+00   0.000000e+00
  -0.000000e+00   0.000000e+00
  -0.000000e+00   0.000000e+00
  -0.000000e+00   0.000000e+00
  -0.000000e+00   0.000000e+00
  -0.000000e+00   0.000000e+00
  -0.000000e+00   0.000000e+00
  -0.000000e+00   0.000000e+00
  -0.000000e+00   0.000000e+00
  -0.000000e+00   0.000000e+00
  -0.000000e+00   0.000000e+00
  -0.000000e+00   0.000000e+00
  -0.000000e+00   0.000000e+00
  -0.000000e+00   0.000000e+00
  -0.000000e+00   0.000000e+00
  -0.000000e+00   0.000000e+00
  -0.000000e+00   0.000000e+00
  -0.000000e+00   0.000000e+00
  -0.000000e+00   0.000000e+00
  -0.000000e+00   0.000000e+00
  -0.000000e+00   0.000000e+00
  -0.000000e+00   0.000000e+00
  -0.000000e+00   0.000000e+00
  -0.000000e+00   0.000000e+00
  -0.000000e+00   0.000000e+00
  -0.000000e+00   0.000000e+00
  -0.000000e+00   0.000000e+00
  -0.000000e+00   0.000000e+00
  -0.000000e+00   0.000000e+00
  -0.000000e+00   0.000000e+00
  -0.000000e+00   0.000000e+00
  -0.000000e+00   0.000000e+00
  -0.000000e+00   0.000000e+00
  -0.000000e+00   0.000000e+00
  -0.000000e+00   0.000000e+00
  -0.000000e+00   0.000000e+00
  -0.000000e+00   0.000000e+00
  -0.000000e+00   0.000000e+00
  -0.000000e+00   0.000000e+00
  -0.000000e+00   0.000000e+00
  -0.000000e+00   0.000000e+00
  -0.000000e+00   0.000000e+00
  -0.000000e+00   0.000000e+00
  -0.000000e+00   0.000000e+00
  -0.000000e+00   0.000000e+00
  -0.000000e+00   0.000000e+00
  -0.000000e+00   0.000000e+00
  -0.000000e+00   0.000000e+00
